Lead I,Lead II,Lead III,aVR,aVL,aVF,V1,V2,V3,V4,V5,V6
0.4875783745415828,0.3720857357733768,0.308317412480155,0.582352171637886,0.7831913910345282,0.3458485303582922,0.5471782789184338,0.6382617490878879,0.6679298291463853,0.6627725079048095,0.6044260027662518,0.5741088981964271
0.4851532000473205,0.3709158519261302,0.3079137852164788,0.5839220303506019,0.7823331352743117,0.3450141838899616,0.5418302853509855,0.6343243145612831,0.6642383456927249,0.6590114827758361,0.6015609563327405,0.5691512095050859
0.4863362119957411,0.3715007938497535,0.3081290530904394,0.5831698063840921,0.7827292533174884,0.3454432763593887,0.5411945098919182,0.6340353285409819,0.665218385547679,0.6598435679813612,0.6024501086741751,0.5698777673305411
0.4957411569856856,0.3748015375616277,0.3081021446061944,0.5779696493982208,0.7880108272265134,0.3473026770602398,0.5477018587082538,0.6403930209876098,0.670477932769266,0.6660009985022466,0.6081143384047948,0.5777844260193179
0.5028983792736307,0.3767861619453497,0.3074025240158222,0.5744374672946102,0.7928302634184986,0.3481370235285704,0.5512173230113318,0.6442943322616769,0.6735487243147888,0.6690963554667997,0.6110781795429098,0.5814172151465937
0.4929019283094759,0.3738823431102198,0.3082097785431747,0.5794740973312402,0.7862943157060804,0.3468259076497652,0.5470660832491866,0.6401762814723838,0.6698899088562935,0.6654684639707105,0.6072251860633603,0.5775279938456279
0.4875192239441618,0.3722946436032422,0.3086134058068509,0.5821886446886447,0.7827952729913513,0.3460869150635295,0.5431766333819515,0.6355525051475635,0.6658064094606514,0.6614411715759694,0.6026806296515841,0.5720147021112916
0.4903584526203715,0.3725035514331077,0.3075908834055378,0.5812401883830456,0.7856341189674522,0.345777014946721,0.5430270391562887,0.6345771773290467,0.6657737414654864,0.6612747545348643,0.602087861423961,0.5722283955893667
0.4952679522063172,0.3748642099105875,0.3083981379328903,0.5780677655677656,0.7874166501617482,0.3474695463539059,0.5481506413852425,0.6401040349673085,0.6706086047499266,0.6674321850557497,0.6072251860633603,0.5803914864518335
0.4933751330888442,0.3750313361744798,0.3094744773026935,0.5784275248560963,0.7850399419026869,0.3480416696464755,0.5514043157934104,0.6430661416753964,0.6727646924308256,0.6705275420203028,0.6102878219060791,0.582656637319429
0.4892937418667929,0.3734018551015292,0.3092323009444878,0.5808477237048666,0.7830593516868026,0.3469927769434313,0.5461311193387935,0.6379727630675867,0.6692365489529908,0.6658012980529207,0.6067641441085424,0.578639199931618
0.4866911155802674,0.3722737528202556,0.308963216102037,0.5824502878074308,0.781870997557272,0.3462537843571956,0.5401847488686937,0.6323014124191741,0.6638136617555781,0.6611749043102013,0.6026806296515841,0.573809727327122
0.4897669466461611,0.3736734352803543,0.3093668433657132,0.5804879644165359,0.7831253713606654,0.3472311616486686,0.5406709301020981,0.6337824657732183,0.6648263696056973,0.6627392244965884,0.6042942764934467,0.5744508077613472
0.4975156749083165,0.3752820255703183,0.3079137852164788,0.5770866038723182,0.7892652010299069,0.3474933848244297,0.5451961554284005,0.6387674746234151,0.6694652249191467,0.6676651689132967,0.609563327405651,0.5806051799299086
0.4978114278954218,0.3758251859279685,0.3084788633856255,0.5765960230245945,0.7886710239651415,0.3480416696464755,0.548898612513557,0.6418740743416538,0.6717846525758715,0.6696288899983357,0.6122307844299545,0.5841097529703394
0.4891754406719508,0.3738823431102198,0.3099050130506148,0.5805206698063842,0.7821350762527233,0.3475649002360009,0.5462433150080408,0.6370696817541451,0.6682565090980367,0.6658012980529207,0.6098267799512612,0.5806906573211386
0.4905359044126345,0.372399097518175,0.3074025240158222,0.5812728937728938,0.7859642173367662,0.3456339841235786,0.5411571113355025,0.6311454683379693,0.6625396099441377,0.6602429688800133,0.6046235921754595,0.5741516368920421
0.491364012776529,0.372858694743879,0.3075639749212926,0.5807169021454737,0.7862282960322176,0.3459677227109108,0.5399229589737836,0.6302423870245277,0.6617555780601745,0.6600765518389082,0.6042613449252453,0.5755620138473374
0.4955045545960014,0.3745090665998161,0.3078330597637435,0.5782639979068551,0.7882088862481019,0.347016615413955,0.5442237929615917,0.6354441353899505,0.6674724772140734,0.6647695123980695,0.609069353882632,0.5811180442772886
0.4971607713237904,0.3765981448984708,0.3097704706293894,0.5761708529565673,0.7867564534231201,0.3490667238789959,0.5479262500467482,0.6393815699165554,0.6692365489529908,0.6673656182393076,0.612164921293552,0.5834259338404992
0.4940849402578966,0.3744672850338431,0.3084250464171353,0.5786891679748823,0.7866904337492572,0.3472550001191923,0.5434384232768615,0.634432684318896,0.664042337721734,0.6636378765185554,0.6075215701771718,0.5785964612360031
0.4862179108008991,0.3718977187264978,0.3086672227753411,0.5828754578754579,0.7820030369049976,0.3458962072993397,0.5392871835147164,0.6300978940143771,0.6594361504034498,0.6591113330004993,0.6022525192649674,0.5721856568937517
0.4856264048266887,0.3723782067351884,0.3095821112396739,0.5826792255363685,0.7805506040800159,0.3465636844740041,0.5403343430943566,0.6311815915905068,0.6596974943647709,0.6598102845731403,0.6030758084699993,0.5732113855885119
0.4939074884656336,0.3744881758168296,0.3085595888383607,0.5787218733647306,0.786426355053806,0.3473265155307636,0.5437750102846031,0.6361666004407037,0.6642383456927249,0.6635047428856715,0.608015543700191,0.5785109838447731
0.4967467171418431,0.3739867970251525,0.3065952694884697,0.5783294086865516,0.7903875354855746,0.3461822689456244,0.5454579453233106,0.6382256258353503,0.665218385547679,0.6641371276418705,0.6100243693604689,0.5804769638430636
0.4921921211404235,0.3725035514331077,0.3067836288781853,0.5807496075353219,0.7876147091833365,0.3454194378888651,0.5420920752458955,0.6340714517935194,0.6617229100650093,0.6597104343484772,0.6060725811763156,0.5765877425420977
0.4854489530344256,0.3706860533132781,0.3074832494685575,0.5840201465201466,0.7830593516868026,0.3446804453026294,0.5374172556939303,0.629158689448398,0.6573780667080462,0.6551506074222,0.6016597510373445,0.5716300538507565
0.4877558263338459,0.3720021726414306,0.3081290530904394,0.582352171637886,0.7835214894038424,0.3457054995351498,0.5382026253786605,0.6295199219737746,0.6569860507660645,0.655716425361957,0.6016597510373445,0.5723138729805967
0.4967467171418431,0.3753029163533049,0.3082905039959099,0.577315541601256,0.7883409255958276,0.3476840925886195,0.5433262276076144,0.634974533106961,0.6619515860311653,0.6602096854717923,0.606105512744517,0.5771433455850928
0.5010647107535786,0.3765563633324977,0.3079406937007238,0.5751242804814234,0.7911797715719284,0.3482323774106654,0.5453457496540635,0.6378643933099737,0.6634543138087616,0.6616741554335164,0.6081472699729962,0.5800068381912984
0.4921921211404235,0.3737152168463274,0.3082905039959099,0.5798011512297228,0.7858321779890407,0.346754392238194,0.5414189012304126,0.6337824657732183,0.6591748064421287,0.6585787984689632,0.6045906606072581,0.5757757073254124
0.4914231633739501,0.3729213670928386,0.3076447003740279,0.5806514913657771,0.7861622763583547,0.3460153996519583,0.5380904297094133,0.6286168406603331,0.6560386789062757,0.655383591279747,0.601264572218929,0.5726557825455167
0.4897669466461611,0.3729422578758252,0.3084519549013804,0.5810766614338043,0.7842477058163332,0.346396815180338,0.5385766109428176,0.6284362243976448,0.6559406749207801,0.6551173240139789,0.6012316406507279,0.5720147021112916
0.4931385306991601,0.3738196707612601,0.3080214191534591,0.579441391941392,0.7866904337492572,0.3467067152971466,0.5415684954560754,0.6325542751869379,0.6599261703309268,0.6591446164087201,0.605051702562076,0.5761603555859476
0.4952679522063172,0.3746344112977354,0.3081021446061944,0.5782312925170069,0.7877467485310622,0.3472073231781449,0.5438124088410188,0.6350467796120363,0.6626376139296332,0.6620402729239473,0.6068629388131462,0.5810325668860586
0.4884064829054773,0.3723573159522019,0.3082905039959099,0.5818942961800105,0.7836535287515678,0.3459915611814346,0.5398481618609522,0.6304952497922913,0.6588154584953122,0.6580129805292061,0.6022525192649674,0.5765877425420977
0.4863362119957411,0.3699130943427759,0.3060570998035681,0.5843799058084773,0.7853040205981382,0.3436077141290615,0.5338269942780209,0.6245710363761153,0.654013263206037,0.6531203195207189,0.597444510307581,0.5704333703735363
0.4881698805157932,0.371062087407036,0.3067567203939402,0.583006279434851,0.7854360599458639,0.3445612529500108,0.5351359437525712,0.62619658274031,0.6550259710561562,0.6542186719920119,0.5989922940130409,0.5701769381998462
0.498343783272211,0.3745926297317623,0.3066490864569599,0.5774136577708007,0.7912457912457912,0.3465398460034804,0.5407457272149295,0.6323014124191741,0.6601221783019176,0.6595107338991512,0.6041625502206416,0.5750064108043423
0.4963918135573169,0.3743419403359237,0.3071872561418615,0.5781658817373103,0.7894632600514953,0.3466351998855753,0.5428026478177943,0.6342520680562078,0.6623109339779818,0.6616075886170744,0.6063031021537245,0.5765877425420977
0.4855081036318466,0.3707905072282109,0.3075639749212926,0.5839547357404501,0.782927312339077,0.3447757991847243,0.5392497849583007,0.6298450312466135,0.6583907745581654,0.6573473123647862,0.6023513139695713,0.5726130438499017
0.4831420797350054,0.3687432104955294,0.3060570998035681,0.5861787022501309,0.7835214894038424,0.342940236954397,0.534612363962751,0.6248238991438789,0.6539479272157068,0.6529206190713929,0.5978396891259962,0.5672707068980255
0.4866911155802674,0.3707278348792512,0.306998896752146,0.5836603872318158,0.7843137254901961,0.3444897375384395,0.5352481394218184,0.6256547339522451,0.6551239750416518,0.6539856881344649,0.5985641836264243,0.5686383451577058
0.4926653259197918,0.3739450154591794,0.3083981379328903,0.5795068027210886,0.7859642173367662,0.3469451000023839,0.5400351546430309,0.631470577610808,0.659958838326092,0.6592111832251623,0.6041625502206416,0.5760748781947175
0.4924878741275286,0.374007687808139,0.3085595888383607,0.5794740973312402,0.7856341189674522,0.3470404538844788,0.5415310968996597,0.6338185890257558,0.6612655581326974,0.6608420702279912,0.6060396496081144,0.5768014360201728
0.4880515793209512,0.3714381215007938,0.3072679815945968,0.5827119309262166,0.7847758632072357,0.3450141838899616,0.5382026253786605,0.6298811544991512,0.6578680866355232,0.6572474621401231,0.6022525192649674,0.5732968629797418
0.4860404590086359,0.3709785242750898,0.3076177918897829,0.5836276818419676,0.7831913910345282,0.344894991537343,0.5353229365346498,0.625979843225084,0.6543399431576884,0.6529539024796138,0.5977738259895936,0.5697068125480811
0.4903584526203715,0.3728378039608925,0.3080483276377042,0.5809785452642596,0.7851059615765498,0.3461584304751007,0.5361457047757957,0.6274247733265903,0.6554833229884682,0.6536195706440339,0.5982019363762102,0.5703051542866912
0.4995859458180527,0.3760132029748475,0.3079137852164788,0.5759419152276296,0.7903875354855746,0.3479224772938568,0.5395863719660421,0.6317595636311094,0.6603508542680736,0.6587452155100681,0.6026806296515841,0.5757757073254124
0.4958594581805277,0.3774546670009192,0.3114657051368297,0.5758437990580848,0.783983627120882,0.35030632434623,0.5425034593664685,0.6334573565003793,0.6641403417072295,0.6638042935596604,0.6071593229269578,0.5815881699290538
0.4934342836862652,0.3793766190356814,0.3150445335414256,0.5750261643118786,0.7782399154948174,0.3530000715154116,0.5393993791839635,0.6298811544991512,0.6643363496782203,0.6644033949076386,0.6082131331093986,0.5812889990597487
0.4932568318940021,0.3818208406451074,0.3182735516508355,0.5731619570905285,0.7741466957153231,0.3558130110372118,0.5338269942780209,0.6239208178304374,0.6624742739538075,0.6618738558828424,0.6063031021537245,0.578211812975468
0.5014196143381048,0.3879627308431519,0.3224712751930684,0.5660975928833072,0.7735525186505579,0.3611766669050514,0.5358091177680542,0.6254018711844815,0.6665251053542844,0.6664336828091195,0.6106500691562933,0.5831695016668093
0.5077487282621554,0.3904905155845241,0.3228479939724996,0.5623691784406071,0.77665544332211,0.3627738444301414,0.5396985676352893,0.6311454683379693,0.6728953644114861,0.6723914128806788,0.6163472304551143,0.5886400547055305
0.5079853306518396,0.3883387649369098,0.3199687861582757,0.5640044479330194,0.7802865253845646,0.3602708050251496,0.5391749878454692,0.6336379727630677,0.6757048119956879,0.6741221501081711,0.6185207139563986,0.591204376442431
0.5085176860286289,0.3880045124091251,0.3192960740521486,0.5641025641025641,0.7814088598402323,0.359794035614675,0.5310221025468417,0.6281472383773435,0.6729933683969815,0.6716258944915958,0.6164789567279194,0.590862466877511
0.5098781497693127,0.391138129857107,0.3226865430670291,0.5612899005756149,0.7779758367993661,0.3630837445469499,0.5197277385092935,0.6183939601921756,0.6696939008853027,0.6694291895490098,0.6138773628400185,0.5896230447046756
0.517449426239205,0.3970084398763265,0.3268035411565266,0.5545852956567242,0.7771836007130124,0.3682566926505995,0.5104528965181945,0.6108080771592674,0.6684525170690275,0.6708936595107339,0.6169729302509386,0.595264552525857
0.5269726724239915,0.4017924291802456,0.3286333180851923,0.548207744636316,0.7802865253845646,0.3717847862881118,0.5063016567560493,0.6077376006935664,0.668550521054523,0.6729905142286571,0.6225054337087532,0.6041114625181639
0.5352537560629363,0.4012492688225954,0.3241934181847536,0.546343537414966,0.7903215158117118,0.3695201315883573,0.5077975990126781,0.6100494888559767,0.6683545130835321,0.673523048760193,0.6241520121188171,0.6077869903410549
0.5473204779368271,0.3969666583103534,0.3131878481285149,0.546343537414966,0.8105235360137321,0.3622017211375718,0.5076480047870153,0.6114582957049454,0.6629969618764496,0.6677317357297387,0.6181913982743859,0.6015471407812634
0.5490358452620372,0.3921408874404612,0.3061916422247935,0.549646781789639,0.8200963887238396,0.3563612958592577,0.508508171584577,0.6122168840082362,0.658782790500147,0.6624729572308203,0.6132187314759928,0.5957774168732372
0.5475570803265114,0.3891743962563717,0.3030433495681188,0.5523940345368917,0.823133293721529,0.3532622946911726,0.5157634915292271,0.6182855904345628,0.6607428702100553,0.6631719088034613,0.6142396100902325,0.5963330199162322
0.5479711345084586,0.3896966658310353,0.3035007938002852,0.5518707482993197,0.8228031953522148,0.3537629025721709,0.5223456374583941,0.6237040783152116,0.6639443337362387,0.6654684639707105,0.6167424092735296,0.5993247286092829
0.5371465751804093,0.3874613520514749,0.3055727470871566,0.5566130298273155,0.8142206377500495,0.353405325514315,0.5233927970380343,0.6217895459307156,0.6607755382052204,0.6633716092527875,0.6142066785220313,0.5978288742627575
0.5224180764225719,0.3828444890114482,0.3062992761617738,0.5642987964416537,0.8051099227569815,0.3510929938735131,0.5236545869329444,0.6183578369396381,0.6569533827708993,0.6595440173073722,0.6086412434960153,0.5916745020941961
0.4988761386490004,0.3771204144731344,0.309635928208164,0.5752878074306647,0.7878787878787878,0.3493051085842332,0.5284416021541569,0.6188274392226276,0.6563000228675966,0.657114328507239,0.6043272080616479,0.5839387981878793
0.4908908079971608,0.3740912509400852,0.3093668433657132,0.5798665620094192,0.7837195484254307,0.3474457078833822,0.5359213134373013,0.6242098038507388,0.6575414066838718,0.655916125811283,0.6016268194691431,0.5787246773228482
0.491364012776529,0.3714381215007938,0.3057611064768722,0.581828885400314,0.7884069452696902,0.3443467067152971,0.5442611915180074,0.6321569194090236,0.6600895103067526,0.6577799966716591,0.6018902720147534,0.5758184460210274
0.4892345912693718,0.3685551934486504,0.3030164410838737,0.5846415489272632,0.790585594507163,0.3414860902524494,0.5487490182878941,0.6359137376729401,0.6596321583744407,0.6572474621401231,0.600902324968715,0.5724848277630568
0.4835561339169526,0.3657349377454667,0.3019670101983155,0.58843537414966,0.7887370436390043,0.3394121433168848,0.5457197352182206,0.63190405664126,0.6546339551141747,0.6514228657014477,0.5958637950339195,0.5663304555944952
0.4777593753696912,0.3634369516169465,0.3016441083873745,0.5918367346938777,0.7858981976629035,0.3379579966149372,0.5407457272149295,0.6274970198316657,0.6490150599457711,0.6454984190381094,0.5902983600079036,0.5610308573382341
0.4729681769785875,0.3626639926464444,0.3028280816941582,0.5937663526949242,0.7818049778834091,0.3380295120265084,0.5403717416507723,0.6267023082758372,0.6475123321681749,0.6438342486270594,0.589277481393664,0.5596204803829388
0.4781734295516385,0.3652544497367761,0.3037967871269811,0.59029958137101,0.7835214894038424,0.3399365896684069,0.5446725756385804,0.631687317126034,0.6522818594622849,0.6485272091862205,0.5938549693736416,0.56543294298658
0.4834378327221105,0.3653380128687223,0.3015095659661491,0.5887624280481424,0.7892652010299069,0.3389830508474576,0.5484124312801526,0.634649423834122,0.6551566430368169,0.6510900316192377,0.595797931897517,0.5686383451577058
0.4801845498639536,0.3628729004763098,0.2998143314587089,0.5916077969649399,0.789529279725358,0.3368137500297981,0.5459067280002993,0.63190405664126,0.6519551795106335,0.6478282576135795,0.5914838964631496,0.5653902042909651
0.4723175204069561,0.3610136207905072,0.3009983047654926,0.5952380952380952,0.7836535287515678,0.336289303678276,0.5405213358764352,0.62619658274031,0.6471203162261933,0.6424030620735562,0.586313640255549,0.5582528421232584
0.4758074056547971,0.3634787331829196,0.3025859053359525,0.5923600209314495,0.7836535287515678,0.3383870890843644,0.5406335315456824,0.6266661850232995,0.6480676880859823,0.6443002163421534,0.5877955608246065,0.5591503547311737
0.480835206435585,0.3662154257541573,0.3038236956112263,0.5888278388278388,0.7849079025549613,0.3405087129609764,0.5447847713078275,0.6314344543582704,0.6530658913462482,0.6493260109835246,0.5930646117368109,0.5646636464655099
0.4817816159943215,0.3668630400267402,0.3042273228749025,0.588042909471481,0.7849739222288241,0.3410569977830222,0.5506563446650959,0.6381172560777373,0.6599261703309268,0.6543850890331169,0.5976420997167885,0.5685101290708607
0.4745060925115344,0.3644814907662738,0.3044694992331082,0.5919348508634223,0.7806166237538786,0.3397935588452645,0.5577994689404989,0.6453419065852689,0.666884453301101,0.655982692627725,0.5935915168280314,0.5588511838618686
0.4588903347923814,0.3629146820422829,0.3095552027554288,0.597462061747776,0.7656961774608833,0.3411523516651172,0.5619133101462284,0.6476176714951414,0.6681911731077064,0.65648194375104,0.5917473490087597,0.5506026156081717
0.4647462439370638,0.3709785242750898,0.3173048462180125,0.589514652014652,0.7594243084439162,0.3491859162316146,0.5451213583155691,0.6284362243976448,0.6605468622390644,0.6643035446829755,0.6107159322926957,0.5688947773313959
0.477286170590323,0.3844739700843987,0.3289562198961333,0.575484039769754,0.7521621443190071,0.3620586903144294,0.5129585997980478,0.5908319185059423,0.6462709483518997,0.6772840738891661,0.64381215833498,0.6114625181639457
0.4979888796876849,0.395190941756497,0.3333153943438366,0.5613880167451596,0.7583019739882484,0.3701160933514506,0.4820673921986612,0.5531192428566268,0.6267681552383131,0.6820768846729904,0.6713429493512482,0.6532182237798103
0.5230687329942032,0.3932898805047213,0.3194844334418642,0.5559262166405023,0.7893312207037697,0.36289303678276,0.4590298814465762,0.5300003612325255,0.5924667603149195,0.6577134298552172,0.6675228874398998,0.6733481494144798
0.5460783153909855,0.3894668672181833,0.3040927804536771,0.552557561486133,0.821020664157919,0.3538820949247896,0.4486704813194211,0.5258461871906946,0.5607461370095718,0.6173073722749209,0.6343607982612133,0.6725788528934098
0.5605702117591388,0.3986797025152502,0.3093668433657132,0.5413396127681842,0.8226711560044893,0.3614865670218599,0.4370769288305472,0.5154788137123867,0.5253666982457287,0.5773672824097188,0.5924389119409866,0.664800410291478
0.5760676682834497,0.4235815158352135,0.3343917337136399,0.5175627943485087,0.8005545652604475,0.3867791842475386,0.4012117132278694,0.4737925802839288,0.4820162686615922,0.5593942419703777,0.587499176710795,0.6905718437473288
0.5894948538980244,0.452473468705607,0.3654979415009552,0.4912676609105181,0.7699214365881031,0.4170302033421536,0.334455290025805,0.3956218617924358,0.4192610499493647,0.5414877683474787,0.592834090759402,0.7297632276262929
0.5634685910327695,0.447271663741957,0.370637461991766,0.502518315018315,0.7491252393213177,0.4163388876969654,0.2896892179961853,0.3246757938084745,0.3006435595047532,0.4330171409552338,0.5029309095699137,0.6938627233096846
0.4733230805631137,0.3983454499874655,0.3486263218792886,0.5657378335949765,0.7258202944477454,0.3786979427399938,0.3469090093122405,0.3573673373550554,0.2230897389827186,0.3006823098685305,0.3621484555094513,0.5739806821095821
0.3993848337868212,0.3664452243670092,0.3411995802276458,0.6111656200941916,0.6936687132765563,0.3571956423275882,0.4373013201690415,0.4456164433045551,0.2637287249681487,0.2960891995340322,0.3363301060396496,0.5144029404222583
0.3436649710162073,0.3483329155176736,0.3431908080617819,0.6407312925170069,0.6601307189542482,0.3477556080001907,0.5271326526796066,0.5397175161651555,0.3567345072032929,0.3677150940256281,0.3778897451096621,0.4855543208821267
0.3195906778658465,0.3289044873401855,0.3290907623173587,0.6625784929356358,0.6639598600382913,0.3304012014589144,0.6160290212797787,0.6329155077123145,0.4367057593675477,0.4273589615576635,0.4094052558782849,0.4576032139499102
0.3195906778658465,0.3175399013955043,0.3144794553722789,0.671474358974359,0.6818511916551132,0.3174569119645283,0.6532031863570067,0.676010547989741,0.4751559896769136,0.4597770011649192,0.4310412961865243,0.4500384648260535
0.3323080563113688,0.3158268571906075,0.3064607270672443,0.6693158032443747,0.6988182478378556,0.3129276025650194,0.6455738808481992,0.6764079037676552,0.4938747509065369,0.4836079214511565,0.4503391951524731,0.4519617061287289
0.3563823494617296,0.3171011949527868,0.2971773000026909,0.6616627420198848,0.7236416452102725,0.3095425397506496,0.6393283219267736,0.6787920384351408,0.5207931789226096,0.5117324013979031,0.4744451030758085,0.4658945208992222
0.3854252927954573,0.3222612183504638,0.2906116298468907,0.6495944531658818,0.7478708655179243,0.3095663782211733,0.6333819514566738,0.6795867499909692,0.5473849269870308,0.5388583790980196,0.4990120529539616,0.4861099239251217
0.4105642966993967,0.3260424500710286,0.2840459596910906,0.6396847200418629,0.769987456261966,0.3088273856349376,0.623658326788586,0.6753964526966008,0.5649929763810395,0.5568647029455815,0.5154778370546005,0.5002564321736901
0.425115343664971,0.3311189103367594,0.2839652342383554,0.6317046049188906,0.7781738958209545,0.3116880020977854,0.6136355136691723,0.6729039482715024,0.5811963019829474,0.5729073057081044,0.5298030692221564,0.5099153773826823
0.4325683189400213,0.3389320631737277,0.2906654468153809,0.6235282574568289,0.7741466957153231,0.3191017664306658,0.6041736788959947,0.6705559368565546,0.5981509914736532,0.5895157264103843,0.544819864321939,0.5216257799811951
0.4470602153081746,0.3497952703267318,0.2980114630142884,0.6110020931449504,0.7732224202812438,0.3285656392285871,0.6001346348030966,0.6728678250189648,0.6173271046355886,0.6085205525045765,0.5617137588091945,0.5354731173604582
0.46338578019638,0.3602615526029915,0.3040927804536771,0.5983124018838305,0.774872912127814,0.3372190040287015,0.5894760462246158,0.6676299534010042,0.6339551141746431,0.6262938924945914,0.5780478166370282,0.5513291734336269
0.4693599905359044,0.3688894459764352,0.3124882275381428,0.5898744113029828,0.767874826698356,0.3458723688288159,0.5659523542391264,0.6492070946067985,0.6448335565646336,0.6403062073556332,0.5915497595995521,0.5656893751602702
0.4708387554714302,0.3718141555945517,0.3155827032263273,0.5871925693354265,0.7649699610483924,0.3488998545853298,0.5459815251131307,0.6321569194090236,0.6470223122406978,0.6444333499750374,0.5965224263979451,0.5703051542866912
0.4697148941204306,0.371062087407036,0.3151252589941609,0.5881083202511774,0.7648379217006668,0.3482800543517128,0.5358465163244699,0.6222591482137051,0.6445722126033127,0.6420036611749043,0.5935915168280314,0.5669287973331054
0.468591032769431,0.371751483245592,0.3165245001749052,0.5878466771323915,0.7625272331154683,0.3492812701137095,0.5340139870600995,0.6198388902936821,0.6454869164679364,0.6428690297886502,0.5945136007376671,0.5668433199418754
0.4787649355258488,0.376451909417565,0.3179506498398946,0.5813710099424385,0.7664223938733742,0.3525948175165082,0.535696922098807,0.6227648737492323,0.6508771356701839,0.6494924280246297,0.6012316406507279,0.5725275664586718
0.4807169052407429,0.3775173393498788,0.318435002556306,0.5799973835688121,0.7669505512642767,0.3534291639848387,0.5367440816784472,0.6252935014268685,0.655189311031982,0.654251955400233,0.6056774023579002,0.5777844260193179
0.4786466343310067,0.3766399264644439,0.3182197346823454,0.5812401883830456,0.7660262758301972,0.3528332022217454,0.5326676390291335,0.6213921901528014,0.6530658913462482,0.6524213679480779,0.6040637555160377,0.5756474912385674
0.4769904176032178,0.3767443803793766,0.3191346231466782,0.5816326530612246,0.7639796659404502,0.3533099716322201,0.5273944425745166,0.6154679767366255,0.6487863839796153,0.6481943751040106,0.5998814463544754,0.5708607573296863
0.4765763634212706,0.378102281273502,0.321045125528079,0.5806841967556253,0.7614048986598005,0.3549309876278338,0.5260854930999663,0.6138424303724308,0.6475776681585051,0.6482609419204527,0.5993216096950537,0.5706898025472263
0.4840884892937419,0.3807971922787666,0.3211258509808143,0.5764979068550498,0.7654981184392948,0.3565043266824,0.5296757545158757,0.6185023299497886,0.6526412074091013,0.6535197204193709,0.6051175656984786,0.5779126421061629
0.4856855554241098,0.3814448065513495,0.3212334849177946,0.5755494505494506,0.7662903545256485,0.3569095806813035,0.5329668274804593,0.6213560669002638,0.6558100029401197,0.65714761191546,0.6086741750642165,0.5826138986238141
0.4823731219685319,0.3807971922787666,0.3219061970239216,0.5769884877027734,0.7635835478972733,0.3568380652697323,0.5309099068775945,0.6186106997074017,0.6542746071673582,0.655849558994841,0.6083448593822037,0.5822292503632789
0.4830829291375843,0.3807971922787666,0.3215563867287356,0.576792255363684,0.7644418036574898,0.3566711959760662,0.526272485882045,0.6135173210995918,0.6506811276991932,0.6514561491096688,0.6054798129486926,0.5778699034105479
0.4862179108008991,0.3819044037770535,0.3215832952129807,0.5750588697017269,0.7661583151779229,0.3573148346802069,0.5234675941508659,0.6112054329371818,0.6498644278200647,0.6502912298219337,0.6039978923796351,0.5759894008034875
0.4876375251390039,0.3844321885184257,0.3241934181847536,0.5726713762428048,0.7637155872449989,0.3599370664378173,0.5271700512360223,0.6140591698876567,0.6541439351866976,0.655017473789316,0.6085424487914115,0.5821865116676639
0.4917780669584762,0.3856856354976184,0.3239243333423028,0.5705455259026688,0.7663563741995114,0.3605330282009106,0.5292643703953028,0.6179966044142615,0.6571167227467251,0.6591446164087201,0.6126588948165712,0.5882554064449953
0.4859221578137939,0.3833667585861118,0.3236014315313619,0.5739795918367347,0.7635175282234105,0.3590550430284393,0.5258237032050563,0.6152512372213994,0.654699291104505,0.6567149276085871,0.6108805901337022,0.5860329942730148
0.4830237785401633,0.3836592295479234,0.3252966660388021,0.5745682888540031,0.759820426487093,0.3599847433788648,0.5197277385092935,0.6093992703102987,0.6497664238345693,0.6518222666000998,0.60669828097214,0.5818018634071288
0.4842659410860049,0.385017130442049,0.3264806393455857,0.5731619570905285,0.7590942100746022,0.3612720207871463,0.5181196005834175,0.6076653541884911,0.6473489921923492,0.6500249625561657,0.6058420601989066,0.5813744764509787
0.4926653259197918,0.3881089663240578,0.3266420902510561,0.5684196755625327,0.7635175282234105,0.3631075830174736,0.522083847563484,0.611602788715096,0.6498970958152299,0.6536528540522549,0.6096291905420537,0.5868450294897
0.4991718916361055,0.3902607169716721,0.3264537308613405,0.5649201988487703,0.7674126889813163,0.3642518296026127,0.5246269493997532,0.6142036628978074,0.6523798634477803,0.656615077383924,0.6124283738391623,0.5917172407898111
0.4856264048266887,0.3869808640427843,0.3283911417269865,0.571232339089482,0.7575097379018947,0.3632267753700923,0.5200643255170351,0.608315572734169,0.6481003560811474,0.6520552504576468,0.6086741750642165,0.5876998034020002
0.4779368271619543,0.3852678198378875,0.3296827489707505,0.5746991104133962,0.7515679672542417,0.3628215213711888,0.5131081940237107,0.6010909222266374,0.6418281010094411,0.6454984190381094,0.6030758084699993,0.5838105821010343
0.4823139713711109,0.3878791677112058,0.3310281731830046,0.5714612768184197,0.7524262230144582,0.3649193067772772,0.5104528965181945,0.5989957735794531,0.6396720133285421,0.6439673822599434,0.6027464927879865,0.5834686725361142
0.4880515793209512,0.3912425837720398,0.3327503161746899,0.5672095761381476,0.7534825377962632,0.3676130539464588,0.5119114402184076,0.6008741827114114,0.641109405115808,0.6464636378765185,0.6064018968583283,0.5879134968800753
0.4924287235301077,0.3928093924960307,0.33280413314318,0.5647893772893773,0.7558592460553244,0.3685189158263606,0.513070795467295,0.6022107430553048,0.6417300970239457,0.6479946746546846,0.6077191595863796,0.5920164116591162
0.4865728143854253,0.3923497952703267,0.3349029949142965,0.5667517006802721,0.750049514755397,0.369186393001025,0.5090691499308128,0.5973341039627208,0.6363398778216981,0.6440006656681643,0.6042942764934467,0.5891529190529106
0.4791198391103751,0.3912216929890532,0.3368134972956973,0.5697278911564626,0.7435135670429788,0.3693771007652149,0.5013276487527581,0.5875447025250154,0.6283688870014048,0.637177566982859,0.5984983204900218,0.5837678434054193
0.4817224653969005,0.3940419486922369,0.3392621693619999,0.5667844060701205,0.7419290948702713,0.3720946864049202,0.4983731627959161,0.5844381028067767,0.6244813955767535,0.6338825095689798,0.5966870842389514,0.5836823660141892
0.4905950550100556,0.3993482075708198,0.3420875602077335,0.5601779173207745,0.743447547369116,0.3763617726286681,0.4996447137140506,0.5852328143626052,0.6244487275815883,0.6354135463471459,0.5986959098992295,0.5879562355756903
0.4859221578137939,0.3999540402774296,0.3449667680219573,0.5609955520669807,0.7373077176998745,0.3779827886242819,0.499457720931972,0.584835458584691,0.6228479958184966,0.6350807122649359,0.5997826516498715,0.591076160355586
0.4781142789542174,0.3982409960725327,0.3463121922342114,0.5644950287807431,0.7312999273783587,0.3776013730959021,0.4928755750028049,0.5762020012281907,0.6137989611577538,0.6279247794974205,0.594974642692485,0.5877852807932302
0.472199219212114,0.3982409960725327,0.3490030406587197,0.5661302982731554,0.7246979599920775,0.3787932966220887,0.4836381315681215,0.5647509301737528,0.6024958348306165,0.61893825927775,0.5861489824145426,0.5810753055816738
0.4733822311605348,0.4008941255118241,0.3518822484729435,0.5637100994243852,0.7218591140159767,0.3815823976733652,0.479786080257302,0.5588267167575769,0.5957008918362681,0.6126809785322017,0.5825594414806033,0.5803914864518335
0.4734413817579557,0.404445558619537,0.3564297823103625,0.5609301412872841,0.7162474417376378,0.3856349376623996,0.4792998990238977,0.5571650471408446,0.5937081441311947,0.6112165085704775,0.5830534150036225,0.5841524916659544
0.4706613036791671,0.406931561794936,0.3608965906950461,0.5597527472527474,0.7092493563081798,0.3890200004767694,0.4760462246157299,0.5531553661091645,0.5879912449772958,0.6076551838908303,0.5819008101165778,0.5856056073168647
0.4672305690287472,0.4078716470293306,0.3636681645722897,0.5599816849816851,0.703901762725292,0.3907840472955255,0.4684543176633382,0.5440523064696745,0.5767534546404888,0.5994341820602429,0.5752486333399197,0.5828703307975042
0.4539808352064356,0.4065137461352051,0.3679466135672578,0.5646912611198326,0.6912920050174951,0.3919044554101408,0.4572347507386215,0.5311924285662681,0.561758844859691,0.5862872358129472,0.564150694856089,0.5748781947174973
0.4488938838282267,0.4079552101612768,0.3721443371094907,0.5649529042386185,0.6833036244800951,0.3945982025793225,0.4490444668835783,0.5201387132897446,0.5497696906340858,0.5767348976535197,0.5575314496476322,0.5731686468928968
0.4567017626878031,0.412780981031169,0.3747813685655087,0.5590332286760858,0.6844259589357627,0.3985077117452145,0.4489322712143311,0.5162012787631398,0.54362810754304,0.5730737227492095,0.5563788447605875,0.5771433455850928
0.4563468591032769,0.4160817247430434,0.3791674514974572,0.5565476190476191,0.6788803063312866,0.4023218670290114,0.4472119376192079,0.5122277209839974,0.5371271765051779,0.5679813612913962,0.5549957188961339,0.5799640994956834
0.4472968176978588,0.415266984206568,0.3822350187013966,0.5596873364730508,0.67003367003367,0.4032277289089132,0.4385728710871761,0.5012823754650869,0.5237986344778021,0.5567648527209186,0.5461700586181915,0.573766988631507
0.4317993611735479,0.4137628478315367,0.3873476307079622,0.565149136577708,0.6551132237406747,0.4046341986698133,0.428475260854931,0.4875916627533143,0.5077913168468852,0.5440838741887168,0.5352697095435685,0.5662022395076503
0.4308529516148113,0.4157892537812317,0.3904151979119016,0.5638082155939299,0.6508219449395919,0.4071610765453289,0.4208085567897079,0.4778745078206842,0.4954754826696286,0.5349309369279414,0.5285846011987091,0.5639798273356698
0.4367088607594936,0.4197376117656889,0.392836961493959,0.5590986394557823,0.6510860236350432,0.4104746239481275,0.4192004188638318,0.4745872918397573,0.4885825356897847,0.5305042436345481,0.5266087071066324,0.5656038977690401
0.4359990535904413,0.421116403442801,0.3949089147808304,0.558248299319728,0.6481811579850796,0.4121671553553124,0.4164703242454841,0.4706137340606148,0.4826042925745648,0.5256115826260609,0.5239741816505302,0.5665014103769553
0.4270081627824442,0.4196749394167293,0.3971961359416624,0.561845892203035,0.640324816795405,0.4123578631195023,0.4114215191293616,0.4636780695733844,0.4716278461990788,0.5162589449159594,0.5167621682144504,0.5614582442943842
0.42162545841713,0.4185468371354558,0.3981917498587305,0.5642333856619571,0.636099557668185,0.4121671553553124,0.4044653876360373,0.454936242459271,0.4598020319492993,0.5054751206523548,0.5077389185273002,0.5549192238652876
0.4176623683899207,0.4185468371354558,0.3999408013346608,0.5653126635269493,0.6317422591932396,0.4129538248825956,0.4015856987920266,0.450493082397139,0.4527130769984646,0.4979863538026293,0.5018770993874728,0.5512009573467818
0.42334082574234,0.419507813152837,0.3986222856066518,0.5629905808477237,0.6365616953852248,0.412906147941548,0.4049889674258574,0.4538164216306036,0.4535624448727582,0.4986520219670494,0.5014489890008562,0.5530814599538423
0.4263575062108127,0.4179410044288459,0.3952318165917714,0.5633830455259028,0.642437446359015,0.4104984624186512,0.409888178316317,0.4586930607231875,0.455424520597171,0.4996505242136794,0.5019100309556741,0.5537652790836823
0.4190228321306045,0.413010779644021,0.3922180663563221,0.5692700156985872,0.6419753086419753,0.4063505685475219,0.4109353378959572,0.4595600187840913,0.4535624448727582,0.4968547179231153,0.4975630639531054,0.547952816480041
0.414645687921448,0.4093548926213755,0.3895003094475688,0.573358189429618,0.6428995840760546,0.403060859615247,0.4102621638804742,0.4598490048043926,0.4534317728920976,0.4940589116325511,0.4935454126325496,0.5404308060517994
0.4238731811191293,0.4083103534720481,0.3839571616930818,0.5715920983778127,0.6548491450452234,0.4000095353882095,0.4163207300198213,0.4679767366253658,0.4602920518767764,0.4981860542519554,0.4957847592702364,0.5404308060517994
0.4291375842896013,0.4062839475223531,0.3789521836234965,0.5717556253270539,0.6639598600382913,0.3966483110443634,0.4273159056060436,0.4810894772965358,0.4718891901603999,0.5063737726743218,0.5011526048870447,0.543550730831695
0.4338696320832841,0.4036099273000752,0.3733821273847644,0.5725078492935636,0.6734006734006733,0.3926434479963765,0.4381614869666031,0.49459957374562,0.484825716245794,0.5156598435679813,0.5068497661858657,0.5472262586545859
0.4371229149414409,0.399243753655887,0.3662513790598176,0.5750261643118786,0.6839638212187231,0.3869937304822523,0.4464639664908935,0.5046779612036268,0.4949201267518213,0.5228157763354967,0.5098794704603833,0.5476536456107359
0.4297290902638117,0.3930600818918692,0.3616500282539084,0.5819270015698588,0.6854822737175678,0.3814393668502229,0.4511387860428588,0.5112523931654807,0.5034138054947568,0.527641870527542,0.5108674175064216,0.5425250021369348
0.4367088607594936,0.3915559455168379,0.3565374162473428,0.5811747776033491,0.6956493034924407,0.3783165272116141,0.4594412655671491,0.5221254921793158,0.5165790075463069,0.5367615243800965,0.5165975103734439,0.5414565347465595
0.4527386726605939,0.3929974095429096,0.3511019024298361,0.5756148613291471,0.7112959661979269,0.3767193496865241,0.4723437675305734,0.5378391070331973,0.5346117408774624,0.5507405558329173,0.5264769808338273,0.5465851782203608
0.4622027682479593,0.39178574412969,0.3452358528644081,0.5739468864468865,0.7237076648841354,0.3734534792247729,0.4844608998092674,0.5543113101903696,0.5525464702231225,0.565385255450158,0.5367186985444247,0.5545773143003676
0.4600733467408021,0.387043536391744,0.3401232408578425,0.5782312925170069,0.7288571994454347,0.3684712388853132,0.49003328471521,0.562728028031644,0.5628695566953057,0.5734065568314195,0.5409339392741882,0.5534661082143774
0.4609014551046965,0.3842232806885601,0.3360869682210801,0.5802263212977499,0.7342047930283223,0.3650861760709433,0.4932495605669622,0.5677852833869161,0.5704811995687824,0.5778998169412547,0.5426793123888559,0.5504316608257116
0.4648053945344848,0.3836174479819503,0.3335306622177973,0.5796049188906333,0.7395523866112101,0.3636081908984719,0.4999065036089607,0.5769605895314814,0.5819149978765804,0.5873190214677982,0.5492326944609103,0.5543636208222925
0.4724358216017982,0.3843277346034929,0.3309743562145145,0.5769557823129252,0.7469465900838449,0.3628691983122363,0.5096301282770486,0.5886645233536828,0.5956355558459377,0.5990347811615909,0.5592109596258974,0.5611590734250791
0.4825505737607949,0.3849962396590624,0.327234076904448,0.5736525379382522,0.7571796395325807,0.3615819209039548,0.5173716294551031,0.5984178015388506,0.6080167260135245,0.6100848726909635,0.5675426463808206,0.5662449782032652
0.4876966757364249,0.3838263558118158,0.3233861636574012,0.5731292517006803,0.7647719020268039,0.3592219123221054,0.5194659486143834,0.6028248383484449,0.6146156610368823,0.6152438009652188,0.5705394190871369,0.5656893751602702
0.4811901100201112,0.381006100108632,0.3227134515512742,0.5771193092621665,0.7619990757245659,0.3573148346802069,0.5188301731553162,0.6032944406314344,0.6167390807226161,0.6162423032118488,0.5709675294737535,0.5618428925549193
0.4811309594226902,0.3808807554107127,0.3225789091300488,0.5772501308215594,0.7620650953984287,0.3571718038570645,0.5214480721044168,0.6071235054004263,0.6233053477508086,0.6209685471792311,0.5736679180662584,0.5628258825540645
0.4916006151662132,0.3833876493690983,0.321045125528079,0.5723770277341707,0.7698554169142404,0.3579346349138239,0.528292007928494,0.6150344977061735,0.6331710822906799,0.6303877517057745,0.5810116577751432,0.5700487221130011
0.49828463267479,0.3842023899055736,0.3190538976939429,0.569891418105704,0.7759952465834817,0.3575293809149205,0.5342757769550096,0.6221869017086299,0.6419261049949365,0.6374438342486269,0.5873015873015872,0.573510556457817
0.4939666390630545,0.3823848917857441,0.3187040873987568,0.5725405546834119,0.7740146563675975,0.3563136189182102,0.5337521971651894,0.6233067225372972,0.6448335565646336,0.639374271925445,0.5892116182572614,0.5740234208051971
0.4917189163610553,0.3804211581850087,0.3171972122810322,0.5746991104133962,0.7746088334323629,0.3545257336289304,0.5305359213134373,0.6200195065563703,0.6440821926758356,0.6370444333499751,0.5863795033919516,0.5706470638516112
0.4949130486217911,0.3820506392579593,0.3178161074186691,0.5725405546834119,0.7756651482141678,0.3557414956256406,0.5318448707879876,0.621319943647726,0.6465322923132207,0.6387751705774671,0.5877626292564051,0.5711171895033764
0.4978705784928428,0.3833458678031252,0.3181390092296101,0.5706763474620618,0.7768535023436983,0.3566235190350187,0.5359961105501329,0.6264494455080736,0.6516611675541473,0.6450324513230155,0.5925706382137917,0.5766304812377127
0.4962143617650538,0.3824893457006768,0.3177622904501789,0.5718210361067504,0.7763913646266587,0.3559560418603542,0.5389879950633906,0.6302423870245277,0.656594034824083,0.6495257114328506,0.5960943160113285,0.5801350542781434
0.4952088016088963,0.3821133116069191,0.3177622904501789,0.5724097331240189,0.7758632072357561,0.3557414956256406,0.5391749878454692,0.6299172777516888,0.6576394106693673,0.6498252621068397,0.5968846736481592,0.5803060090606035
0.4875783745415828,0.3794810729506142,0.3178430159029142,0.5765633176347462,0.7715059087608106,0.354287348923693,0.5328920303676279,0.6249683921540296,0.6530985593414133,0.6442336495257113,0.592241322531779,0.573852466022737
0.4858630072163729,0.3788961310269909,0.3178699243871593,0.5774790685504971,0.7705156136528685,0.3539774488068846,0.5322188563521448,0.6249322689014919,0.6525432034236059,0.6439673822599434,0.5920766646907726,0.5720147021112916
0.5002366023896841,0.3838263558118158,0.3176546565131986,0.5696624803767663,0.7788340925595826,0.3566711959760662,0.5371180672426045,0.6297366614890005,0.6582274345823397,0.6488267598602097,0.5966541526707503,0.578126335584238
0.503253282858157,0.3847664410462104,0.3175201140919732,0.5680926216640503,0.7806826434277413,0.3571479653865408,0.5422790680279742,0.6339992052884442,0.6626049459344681,0.6522216674987518,0.600177830468287,0.5821010342764339
0.4968650183366852,0.381465697334336,0.3161746898797191,0.5724424385138671,0.778702053211857,0.3546926029225964,0.5405213358764352,0.6318679333887224,0.6609715461762112,0.6503910800465967,0.5980702101034051,0.5800923155825285
0.491245711581687,0.3805256120999415,0.3175201140919732,0.5747318158032445,0.7739486366937346,0.3547402798636439,0.5360709076629642,0.6278582523570423,0.657345398712881,0.6471293060409387,0.5954356846473029,0.5745790238481923
0.494794747426949,0.382572908832623,0.3185426364932863,0.5721480900052329,0.7746748531062256,0.3563612958592577,0.534350574067841,0.6270996640537514,0.6575414066838718,0.6473622898984855,0.5955015477837055,0.5741943755876571
0.4992901928309476,0.3849544580930893,0.3195651588945994,0.5690410779696494,0.775929226909619,0.3581730196190612,0.5378286398145032,0.6305674962973666,0.6617882460553397,0.6517556997836578,0.5995191991042613,0.5800495768869135
0.5007098071690524,0.3862287958552686,0.3205607728116675,0.567667451596023,0.7755331088664422,0.3593411046747241,0.5417928867945697,0.6345049308239714,0.6657737414654864,0.656615077383924,0.6033721925838109,0.5849645268826397
0.4994676446232107,0.3846828779142642,0.3191346231466782,0.5692046049188907,0.7765894236482471,0.357839281031729,0.5420546766894798,0.633493479752917,0.6650877135670185,0.65614910966883,0.603503918856616,0.5839387981878793
0.4931385306991601,0.3826146903985961,0.3193498910206388,0.5725732600732601,0.7727602825642041,0.3567427113876374,0.5368188787912787,0.6279304988621175,0.6598281663454314,0.6510900316192377,0.5993874728314563,0.5768869134114027
0.4967467171418431,0.384369516169466,0.3199687861582757,0.5702184720041863,0.7740146563675975,0.3580061503253951,0.5340139870600995,0.6255824874471697,0.6580967626016792,0.6493260109835246,0.5970822630573668,0.5748354560218822
0.5019519697148941,0.3865839391660399,0.3204800473589322,0.5670133437990582,0.776259325278933,0.3595079739683902,0.5373424585810989,0.6295921684788498,0.6623109339779818,0.6532867365618239,0.6006388724231049,0.5793230190614583
0.5055601561575772,0.3877538230132865,0.3203185964534618,0.5651164311878598,0.7785039941902687,0.3601039357314835,0.5412693070047496,0.6343965610663584,0.6659044134461468,0.6575470128141121,0.6039978923796351,0.5837251047098043
0.5028392286762097,0.3862287958552686,0.3195920673788446,0.5670787545787546,0.7779098171255033,0.3589120122052969,0.5395863719660421,0.6323014124191741,0.6638789977459083,0.6571808953236811,0.6027135612197853,0.582143772972049
0.4955637051934224,0.3826564719645692,0.3183273686193257,0.5718537414965986,0.7754010695187165,0.3563136189182102,0.5341635812857625,0.6260520897301592,0.658521446538826,0.6524213679480779,0.5994204043996575,0.5776134712368578
0.4936117354785284,0.3824057825687307,0.3188655383042273,0.5726059654631084,0.7736185383244206,0.3564089728003051,0.5333408130446166,0.6255102409420945,0.6573780667080462,0.6514894325178898,0.5989264308766384,0.5773570390631678
0.4985803856618952,0.3847664410462104,0.3196458843473347,0.5694008372579802,0.7754670891925793,0.35810150420749,0.5358091177680542,0.629267059206011,0.6600895103067526,0.654684639707106,0.6021207929921624,0.5806051799299086
0.5008281083638945,0.3863123589872149,0.3205876812959126,0.56753663003663,0.7755331088664422,0.3593887816157715,0.5404465387636037,0.6328071379547014,0.6634543138087616,0.6581461141620901,0.6055786076532965,0.5852209590563296
0.4973382231160534,0.3842650622545333,0.3195651588945994,0.5701203558346416,0.7748068924539512,0.3577916040906815,0.5385018138299862,0.6308926055702057,0.6620495900166606,0.6566816442003661,0.604228413357044,0.5842807077527994
0.4942032414527387,0.3811523355895378,0.3169819444070716,0.5734236002093145,0.776259325278933,0.3548594722162626,0.5330790231497065,0.6255102409420945,0.6573127307177159,0.6515227159261108,0.5999802410590792,0.5787674160184632
0.4953271028037384,0.3816328235982284,0.3171164868282969,0.5727367870225013,0.7767214629959728,0.3551932108035948,0.5316952765623247,0.6235957085575986,0.6560386789062757,0.6491263105341987,0.5988276361720345,0.5768441747157877
0.5018336685200521,0.3837010111138966,0.316793585017356,0.5693027210884354,0.7807486631016042,0.356242103506639,0.5350985451961555,0.6275331430842033,0.6588154584953122,0.6519221168247629,0.6018902720147534,0.5800068381912984
0.5078670294569976,0.3862287958552686,0.3173048462180125,0.56567242281528,0.7834554697299795,0.3579107964433002,0.5393245820711321,0.631470577610808,0.662572277939303,0.6563155267099351,0.6056774023579002,0.5847935721001796
0.5010647107535786,0.3846828779142642,0.318435002556306,0.5687467294610152,0.7783059351686802,0.3575055424443967,0.5365944874527844,0.6284362243976448,0.6596321583744407,0.654285238808454,0.6040637555160377,0.5825711599281991
0.4954454039985804,0.381423915768363,0.3167666765331109,0.5728676085818943,0.7772496203868752,0.3549071491573101,0.5315830808930776,0.6225842574865441,0.6547319590996701,0.6493925777999667,0.5997167885134691,0.5776989486280879
0.4936117354785284,0.3814865881173226,0.3176815649974437,0.5733254840397698,0.7750709711494025,0.3553600800972609,0.5304611242006059,0.6211754506375754,0.6530332233510829,0.6477949742053586,0.597576236580386,0.5762030942815626
0.4977522772980007,0.3841814991225871,0.3192691655679036,0.5700549450549451,0.7754670891925793,0.3576008963264917,0.5346871610755826,0.6260159664776217,0.6564633628434223,0.6514228657014477,0.6006059408549035,0.5798358834088384
0.4987578374541583,0.3845157516503718,0.3192422570836585,0.5695316588173731,0.7760612662573446,0.3577677656201578,0.5377538427016718,0.6294476754686992,0.6590768024566334,0.6538858379098019,0.6040637555160377,0.5844944012308745
0.4995267952206317,0.3827400350965153,0.3166052256276404,0.57070905285191,0.7796923483197992,0.3555984648024983,0.5351733423089869,0.6267745547809125,0.6573127307177159,0.6514228657014477,0.6025159718105776,0.5834686725361142
0.4953271028037384,0.3806091752318876,0.3157979711002879,0.5735544217687075,0.7783059351686802,0.354025125747932,0.5312090953289204,0.6222952714662429,0.6525432034236059,0.6468297553669495,0.5968517420799578,0.577998119497393
0.4968650183366852,0.3810478816746051,0.3156365201948174,0.5727694924123496,0.7793622499504852,0.3542158335121219,0.5295635588466285,0.6198388902936821,0.6505504557185326,0.6444333499750374,0.593196338009616,0.5754765364561074
0.5033715840529989,0.3839517005097351,0.3164437747221699,0.5686813186813188,0.7820030369049976,0.3562182650361153,0.5324432476906391,0.6232705992847596,0.6533272353075692,0.6475619903478116,0.5964894948297438,0.5785537225403882
0.5035490358452621,0.385518509233726,0.3183542771035708,0.5674385138670853,0.7798243876675248,0.3579584733843477,0.5358091177680542,0.6265216920131488,0.6565286988337526,0.6510900316192377,0.6008693934005138,0.5820582955808189
0.5013013131432628,0.3832831954541656,0.3164975916906601,0.5697933019361591,0.780814682775467,0.3558606879782593,0.5345749654063354,0.6258353502149334,0.6561366828917711,0.6508237643534698,0.6008035302641112,0.582656637319429
0.4963918135573169,0.3811314448065513,0.3159594220057585,0.5728349031920461,0.778702053211857,0.354382702805788,0.5310968996596732,0.6215728064154896,0.6514651595831564,0.6456648360792144,0.5955015477837055,0.5771433455850928
0.4937300366733704,0.3809434277596724,0.3169281274385814,0.5737179487179488,0.7760612662573446,0.3547164413931202,0.5296009574030442,0.6201639995665209,0.6498644278200647,0.6433682809119653,0.5931634064414147,0.5755192751517223
0.5023660238968414,0.38368012033091,0.3165245001749052,0.5692046049188907,0.7813428401663696,0.3560990726834966,0.5322936534649763,0.6240291875880504,0.6532945673124041,0.6463305042436345,0.5966212211025489,0.578083596888623
0.5015379155329469,0.3846202055653046,0.318112100745365,0.5686813186813188,0.7789661319073083,0.3573386731507307,0.5351733423089869,0.6266661850232995,0.6563326908627618,0.6484273589615576,0.5987617730356319,0.5817591247115138
0.4966875665444222,0.3828862705774212,0.3180582837768748,0.5713958660387232,0.7763253449527958,0.3563374573887339,0.5340139870600995,0.6256908572047827,0.655189311031982,0.6479946746546846,0.5972469208983732,0.5814599538422087
0.491127410386845,0.379857107044372,0.3166859510803756,0.5752878074306647,0.7749389318016767,0.3539774488068846,0.5300123415236172,0.621428313405339,0.6500277677958903,0.6432018638708604,0.5928999538958045,0.5751773655868023
0.491127410386845,0.379857107044372,0.3167128595646208,0.5752878074306647,0.774872912127814,0.3540012872774082,0.5281798122592468,0.6192970415056172,0.6475776681585051,0.6402729239474122,0.5905618125535138,0.5714590990682965
0.5011238613509996,0.3839934820757082,0.317466297123483,0.5693027210884354,0.7794942892982109,0.3566950344465899,0.5312090953289204,0.6226926272441571,0.6507137956943583,0.6437011149941754,0.5938220378054403,0.5748781947174973
0.5018336685200521,0.3859572156764435,0.3196997013158249,0.5675693354264784,0.7771836007130124,0.3587928198526783,0.5353977336474812,0.6270274175486761,0.6548626310803306,0.6480945248793476,0.5978396891259962,0.5809898281904436
0.4959186087779487,0.3830742876243001,0.3186502704302667,0.5714285714285715,0.7751369908232653,0.3566950344465899,0.5329668274804593,0.6244626666185024,0.6525432034236059,0.6465634881011815,0.5958308634657182,0.5790238481921532
0.4903584526203715,0.3798779978273585,0.3170895783440519,0.575484039769754,0.7740146563675975,0.3541681565710744,0.5290025805003927,0.6197666437886067,0.6476103361536704,0.6417373939091362,0.5906935388263189,0.5740661595008121
0.491304862179108,0.3809434277596724,0.3180582837768748,0.5743720565149137,0.7733544596289693,0.3552170492741186,0.5284042035977412,0.6199833833038327,0.6472183202116886,0.6410051589282741,0.5899361127576895,0.5732113855885119
0.5020111203123152,0.3847037686972507,0.3180044668083847,0.5684850863422293,0.7793622499504852,0.3573386731507307,0.5324432476906391,0.6234873387999856,0.6500931037862206,0.6438342486270594,0.5930316801686096,0.5759894008034875
0.5041405418194724,0.3855811815826857,0.3181659177138552,0.5672095761381476,0.7803525450584273,0.3579107964433002,0.5364822917835372,0.6266661850232995,0.6536212472640555,0.6477284073889166,0.5976750312849899,0.5810753055816738
0.4971016207263693,0.3833667585861118,0.3185157280090412,0.5708725798011514,0.7759952465834817,0.3568142267992085,0.5335652043831108,0.6240653108405881,0.6517918395348078,0.6462972208354134,0.596752947375354,0.5805197025386786
0.4881107299183722,0.3802540319211164,0.3185964534617765,0.5758110936682366,0.7709117316960453,0.3550501799804524,0.530311529974943,0.6200195065563703,0.6476103361536704,0.6414711266433681,0.5927023644865969,0.5733823403709719
0.4923104223352656,0.3820924208239324,0.3190538976939429,0.5732273678702251,0.7726282432164785,0.3563136189182102,0.5298253487415386,0.6189719322327782,0.6475123321681749,0.6412048593776003,0.5922742540999802,0.5715018377639115
0.4995859458180527,0.3853722737528202,0.3199418776740306,0.5686159079016222,0.7756651482141678,0.3585782736179647,0.5328920303676279,0.622909366759383,0.6515631635686518,0.6444999167914793,0.5964236316933413,0.5766732199333277
0.5082219330415237,0.3913052561209993,0.323655248499852,0.5616169544740973,0.775929226909619,0.3636081908984719,0.5369684730169416,0.6268106780334501,0.6593054784227893,0.6524546513562988,0.6027794243561878,0.5863321651423199
0.5082810836389448,0.3933525528536809,0.3262922799558701,0.5599816849816851,0.7726942628903413,0.3659443610097976,0.5340887841729309,0.6247877758913413,0.6602528502825782,0.654551506074222,0.6038332345386288,0.5884263612274553
0.5040222406246303,0.393164535806802,0.3279875144633103,0.5613226059654631,0.7682049250676701,0.3665879997139383,0.5282172108156625,0.61879131597009,0.6572800627225508,0.6521883840905308,0.601495093196338,0.5837251047098043
0.5044362948065776,0.3950447062755912,0.330194010171407,0.559720041862899,0.7657621971347461,0.3686381081789792,0.5264594786641236,0.6179966044142615,0.6581947665871746,0.6528873356631719,0.6028452874925905,0.5841524916659544
0.5125990772506802,0.3988050472131695,0.3313510749939456,0.5545198848770277,0.7689311414801611,0.3712841784071134,0.5302367328621115,0.6233067225372972,0.6638463297507433,0.6592444666333831,0.6086083119278141,0.590990682964356
0.5185732875902047,0.40104036099273,0.331485617415171,0.5511185243328101,0.7721000858255759,0.3726429712269661,0.5310968996596732,0.6262688292453853,0.6673418052334129,0.6643701114994175,0.6131199367713891,0.595563723395162
0.5181592334082574,0.4016879752653129,0.3325350483007292,0.5507260596546311,0.7705816333267314,0.3734773176952967,0.5233927970380343,0.6211754506375754,0.6669497892914312,0.6652021967049425,0.6145030626358426,0.5969313616548423
0.5179817816159944,0.4034010194702097,0.3347953609773161,0.5494505494505495,0.7676767676767676,0.3754559107487664,0.5100415123976215,0.6087851750171586,0.6624416059586423,0.6626060908637044,0.6131199367713891,0.5967176681767672
0.5272092748136756,0.407579176067519,0.3360062427683449,0.5436289900575616,0.7713078497392222,0.3783642041526616,0.4974755974419388,0.5975508434779468,0.6563326908627618,0.6595440173073722,0.6119344003161431,0.5990255577399778
0.5445995504554597,0.4133450321718057,0.3354949815676883,0.5343079539508111,0.7816729385356835,0.3814393668502229,0.4968398219828714,0.598056569013474,0.6561693508869361,0.6609752038608754,0.6143054732266351,0.604581588169929
0.5580858866674554,0.4115902064009359,0.3271264429674677,0.5319531658817374,0.7994982504786425,0.3767193496865241,0.5025244025580613,0.6045587544702525,0.6573127307177159,0.6612414711266433,0.6157544622274912,0.6063766133857594
0.5595055010055602,0.4059705857775549,0.3192153485994134,0.5359432234432235,0.8099293589489667,0.3699969009988319,0.5054040914020719,0.6078098471986418,0.6544706151383489,0.6576468630387751,0.6132516630441941,0.6038550303444739
0.5629362356559802,0.4020013370101111,0.312568952990878,0.5381017791732078,0.8200303690499768,0.3648001144246585,0.5073114177792738,0.6091464075425351,0.6524451994381105,0.6542186719920119,0.6101560956332741,0.6022309599111035
0.5584999408494026,0.3996406785326314,0.3115464305895649,0.5411760858189429,0.8187759952465834,0.3630122291353787,0.5111634690900931,0.6105190911389662,0.6511384796315051,0.6521218172740888,0.607192254495159,0.6007778442601932
0.5514610197562996,0.3992646444388735,0.3142910959825634,0.5434000523286238,0.8115138311216742,0.3640134448973754,0.5142301507161824,0.6113138026947946,0.6492764039070923,0.6507239141288067,0.6058420601989066,0.5988546029575178
0.5452502070270909,0.3968830951784073,0.3140220111401125,0.546997645211931,0.8083448867762593,0.3625354597249041,0.5173342308986874,0.6131922118267529,0.6490803959361015,0.6504909302712597,0.6062701705855233,0.5977861355671426
0.5241925943452028,0.391138129857107,0.3162015983639641,0.5572998430141287,0.7939525978741664,0.3602231280841021,0.5226822244661357,0.6152873604739371,0.6508771356701839,0.6508237643534698,0.6047882500164657,0.5936832207881017
0.5017745179226311,0.3840770452076543,0.3173048462180125,0.5690410779696494,0.7800884663629761,0.3566711959760662,0.5274318411309324,0.6172741393635083,0.6481003560811474,0.6457979697120985,0.5981031416716064,0.5829985468843492
0.4917780669584762,0.3797108715634661,0.3162285068482093,0.5752223966509681,0.7758632072357561,0.3536913871605998,0.5304237256441902,0.6190441787378536,0.6463689523373951,0.6420702279913463,0.5930975433050122,0.5749209334131122
0.496510114752159,0.3782485167544079,0.3121922342114469,0.5750588697017269,0.7834554697299795,0.3510691554029893,0.5372676614682673,0.6245349131235777,0.648263696056973,0.6420369445831253,0.5926365013501943,0.5727839986323618
0.4984029338696321,0.3777889195287039,0.3107391760622124,0.5748953427524857,0.7862943157060804,0.3501871319936113,0.5420546766894798,0.6275692663367409,0.648721047989285,0.6420369445831253,0.5922742540999802,0.5721429181981366
0.4888796876848457,0.3743628311189103,0.3106584506094772,0.5801936159079016,0.7810127417970555,0.3481847004696179,0.5400351546430309,0.6253657479319439,0.6454542484727713,0.6379763687801631,0.5891457551208589,0.5689375160270109
0.4824322725659529,0.3718559371605248,0.3103624572827813,0.5839547357404501,0.7777777777777777,0.3466351998855753,0.535958711993717,0.620380739081747,0.6402927052366796,0.6324846064236977,0.583942567345057,0.5639798273356698
0.4847982964627942,0.372399097518175,0.3099857385033501,0.5828754578754579,0.7795603089720736,0.346754392238194,0.5348741538576611,0.6192970415056172,0.638920649439744,0.6310201364619736,0.5828558255944147,0.5634242242926746
0.4872826215544777,0.3732974011865964,0.3100126469875952,0.5815018315018315,0.7809467221231926,0.3472788385897161,0.5371180672426045,0.6211754506375754,0.6408153931593219,0.6319853553003827,0.5843706777316736,0.5631250534233696
0.4915414645687922,0.3755327149661569,0.310954443936173,0.5785583464154893,0.7821350762527233,0.3489952084674247,0.5399229589737836,0.6249322689014919,0.6440495246806703,0.6348477284073889,0.587499176710795,0.5661167621164203
0.4876375251390039,0.3742165956380044,0.3110351693889083,0.5806514913657771,0.7798904073413876,0.348256215881189,0.5386140094992334,0.6237402015677492,0.6435921727483584,0.6338159427525378,0.5866429559375618,0.5643217369005898
0.4838518869040578,0.3723155343862287,0.3103086403142911,0.5832025117739403,0.7786360335379943,0.3468735845908127,0.5356221249859756,0.6198388902936821,0.6397046813237073,0.6302213346646697,0.582526509912402,0.5597486964697839
0.4829646279427422,0.3726915684799866,0.3111966202943789,0.5831698063840921,0.7770515613652867,0.3474695463539059,0.534350574067841,0.6173463858685837,0.638691973473588,0.6292228324180394,0.5817361522755714,0.5604325155996239
0.4908908079971608,0.3750731177404529,0.3106584506094772,0.5790816326530612,0.782201095926586,0.3485899544685213,0.5381652268222447,0.6226565039916194,0.6438535167096796,0.6336495257114327,0.5862477771191464,0.5660740234208053
0.4923104223352656,0.3770786329071613,0.3125958614751231,0.5771520146520148,0.7805506040800159,0.3505923859925147,0.5491978009648828,0.6345049308239714,0.6542746071673582,0.6413712764187052,0.5902654284397023,0.5681254808103257
0.4820773689814267,0.3754909334001838,0.3152059844468961,0.5812074829931974,0.7716379481085364,0.3508546091682757,0.5599685852126108,0.6466784669291623,0.664042337721734,0.6477284073889166,0.5897385233484819,0.5586374903837935
0.4727315745889033,0.3759087490599147,0.3200226031267659,0.5834641548927264,0.760546642899584,0.3532146177501251,0.5528628594936236,0.6368890654914569,0.6584561105484956,0.6491928773506407,0.5932951327142199,0.5576117616890333
0.4823731219685319,0.3870017548257708,0.3298980168447111,0.5721153846153847,0.7538126361655773,0.3639180910152805,0.5230188114738772,0.6033666871365098,0.6440168566855053,0.6581128307538691,0.6181913982743859,0.5874006325326951
0.5017153673252099,0.4025236065847748,0.3410919462906654,0.5546180010465726,0.7509077705156135,0.3777444039190445,0.4888739294663226,0.5616082072029766,0.6257227793930287,0.6665335330337826,0.6497398406112099,0.6328318659714506
0.5237785401632556,0.4080805548591961,0.3382127384764416,0.5441522762951334,0.7667524922426883,0.3796276430904193,0.4637794981113729,0.5327818516779251,0.6037045506517266,0.6621401231486104,0.6685766976223407,0.6718522950679545
0.5519342245356679,0.4027742959806133,0.3185964534617765,0.5405546834118263,0.8064963359081005,0.3679229540632673,0.4521485470660832,0.5238594083011234,0.5722126033125348,0.6298219337660176,0.651057103339261,0.6854432002735277
0.5678457352419259,0.3995153338347121,0.3071334391733714,0.5386904761904762,0.829405162738496,0.3609621206703378,0.442761509405737,0.5208250550879602,0.5410146679298291,0.5868530537527041,0.6067641441085424,0.6711257372424995
0.572991837217556,0.4135121584356981,0.3228210854882544,0.5263278388278388,0.8130983032943816,0.3759088416887173,0.4182654549534388,0.4924683018458982,0.4945934468001699,0.5473123647861541,0.567114535994204,0.6637319429011027
0.588903347923814,0.4442842817748809,0.3552189005193337,0.4978414442700157,0.782201095926586,0.4078285537199934,0.3683383821384495,0.4335151537044396,0.4483028976511712,0.5397237477117657,0.5785088585918461,0.7031370202581418
0.6075949367088607,0.4714422996573911,0.3816968490164949,0.4714154892726322,0.7601505248564072,0.4350282485875706,0.2981038931897229,0.3460246360582307,0.3624840743523571,0.4937260775503411,0.5577949021932425,0.7291221471920677
0.548740092274932,0.4434277596724325,0.3723865134676963,0.5096153846153847,0.7386941308509936,0.4149324179360653,0.3044616477803957,0.3243145612830979,0.253993662408938,0.363155267099351,0.432885464005796,0.6478758868279341
0.4435703300603336,0.3908038773293223,0.3524473266420903,0.5798665620094192,0.7044959397900574,0.3760757109823834,0.3825498335764239,0.3873857602138497,0.2228937310117278,0.2748543850890331,0.3295791345583876,0.5359859817078383
0.3807523955991956,0.3669883847246594,0.3503753733552189,0.6158751962323391,0.6719482405756915,0.361558082433431,0.4653128389244175,0.4742260593143807,0.295318676292836,0.3149941754035613,0.3463083712046368,0.4989742713052398
0.343191766236839,0.3519470209743461,0.3480612437101418,0.6380494505494506,0.6538588499372813,0.3519511788123674,0.5566401136916116,0.5711808691254561,0.3891084904119434,0.3870527542020303,0.3859909108871764,0.4688007522010428
0.341417248314208,0.3364042784323556,0.328848585959153,0.650673731030874,0.6764375783983627,0.3345967722710911,0.6377575825573133,0.6565039916194054,0.4572539283264186,0.437277417207522,0.416419679905157,0.4554235404735448
0.3408848929374187,0.3281524191526698,0.3184619110405511,0.6572802197802198,0.6888492770845711,0.3252759302963122,0.6579528030218035,0.6824043636889067,0.4858710920910784,0.4655683141953736,0.4389119409866298,0.4554662791691597
0.3547261327339406,0.326209576334921,0.309635928208164,0.6549908424908425,0.707400805440021,0.3202698514863286,0.6485283668050414,0.6809233103348625,0.5049165332723531,0.4877683474787818,0.4586379503391951,0.4602102743824258
0.3828818171063528,0.3276301495780062,0.2986841751204155,0.6460949764521194,0.7365815012873836,0.3162173114972944,0.636598227308426,0.6761550409998915,0.5253013622553984,0.508903311699118,0.4778041230323388,0.4709376869817934
0.416301904649237,0.3355059747639341,0.29362538008234,0.6306907378335951,0.7614048986598005,0.3184819661970488,0.6260144358427765,0.6721092367156739,0.5468295710692235,0.5312697620236312,0.4996706843179872,0.4895717582699376
0.4278362711463386,0.3392454249185259,0.2931948443344186,0.6245748299319729,0.7684029840892586,0.320412882309471,0.6178989491005649,0.6709894158870066,0.5651563163568651,0.5500416042602762,0.516729236646249,0.5035900504316608
0.4404944989944399,0.3442801036182836,0.2939213734090359,0.6171180010465726,0.7746088334323629,0.323607237359651,0.6099704551404317,0.6697973485532638,0.5829603737218647,0.5682809119653852,0.5317460317460317,0.5160270108556287
0.4538033834141725,0.3524901813319963,0.2984419987622098,0.6070447409733125,0.7764573843005215,0.3302820091062957,0.6007330117057482,0.6678466929162302,0.5994577112802588,0.5845897819936761,0.5452809062767568,0.5265834686725361
0.466875665444221,0.3622461769867134,0.3050614858865,0.5957940868655155,0.775599128540305,0.3387923430832678,0.593215901866188,0.6670519813604017,0.6156283688870015,0.60033283408221,0.559046301784891,0.5370117104025985
0.4869277179699515,0.3747179744296816,0.3120038748217313,0.5804552590266876,0.7783059351686802,0.348971369996901,0.5781816821870677,0.6575515659429976,0.6303616347064781,0.6170078216009318,0.5735691233616546,0.552269424737157
0.4944398438424228,0.3832831954541656,0.3196189758630897,0.5716902145473575,0.7731564006073809,0.3572433192686357,0.5558547440068814,0.6397066791893942,0.6402927052366796,0.6306207355633215,0.5857867351643286,0.5663731942901103
0.4947355968295279,0.3849962396590624,0.321690929149961,0.5702838827838829,0.7707796923483198,0.3591265584400105,0.540558734432851,0.6270274175486761,0.6424487929175786,0.6354801131635879,0.591418033326747,0.5700059834173862
0.4939666390630545,0.3851633659229548,0.3222560073191077,0.5703492935635793,0.769657357892652,0.3594841354978664,0.5322188563521448,0.619224795000542,0.6393126653817256,0.6335496754867698,0.590232496871501,0.5670570134199505
0.4944989944398439,0.3865421576000668,0.3237628824368323,0.5691391941391942,0.7680728857199444,0.3609382821998141,0.5301619357492802,0.6158653325145397,0.6381692855509458,0.6333499750374438,0.5889481657116512,0.5667578425506454
0.5017745179226311,0.3898220105289546,0.3247046793854102,0.5645277341705914,0.7709777513699081,0.3632267753700923,0.5315456823366618,0.6173102626160459,0.6422527849465879,0.637111000166417,0.5927682276229994,0.5741943755876571
0.508754288418313,0.3920782150915016,0.3244355945429594,0.5608320251177394,0.775203010497128,0.3643948604257551,0.5353229365346498,0.6217895459307156,0.6478063441246611,0.6429688800133134,0.5981360732398077,0.5816736473202838
0.5070980716905241,0.3902816077546586,0.3228479939724996,0.5627289377289377,0.776259325278933,0.3626784905480464,0.5331164217061222,0.6200195065563703,0.6471529842213584,0.6432684306873023,0.5984983204900218,0.5797076673219933
0.4982254820773689,0.3879627308431519,0.3239512418265479,0.5669806384092099,0.7699214365881031,0.3618441440797159,0.5278806238079211,0.6136618141097424,0.6436901767338539,0.6397736728240971,0.5960613844431272,0.5741943755876571
0.4943215426475808,0.3876075875323807,0.3252428490703118,0.5683542647828362,0.7661583151779229,0.3622017211375718,0.5246269493997532,0.6103384748762779,0.6414687530626246,0.6369778665335329,0.5935585852598301,0.5704761090691511
0.5000591505974211,0.3910127851591877,0.3270188090304873,0.564069858712716,0.7672146299597279,0.3649193067772772,0.5266090728897864,0.6146371419282592,0.6460749403809088,0.6410384423364952,0.5974115787393796,0.5751773655868023
0.5052052525730509,0.3937076961644523,0.3281220568845357,0.5605703819989535,0.7687330824585726,0.3669455767717943,0.5299375444107858,0.6189719322327782,0.6505177877233674,0.6452654351805625,0.601495093196338,0.5812462603641337
0.5028983792736307,0.3918901980446226,0.3268304496407717,0.562630821559393,0.7689971611540237,0.3653483992467043,0.5275814353565953,0.6148177581909475,0.6481983600666428,0.6433017140955233,0.5999143779226767,0.5792802803658432
0.4991718916361055,0.3904905155845241,0.3267497241880365,0.5647566718995292,0.7670825906120022,0.3645140527783737,0.5226822244661357,0.6083878192392443,0.6434288327725328,0.6395739723747711,0.5966541526707503,0.5756047525429524
0.4967467171418431,0.3905114063675107,0.32787988052633,0.5653780743066458,0.7643097643097643,0.3650384991298958,0.5196529413964621,0.6064371636022108,0.6414687530626246,0.6381095024130471,0.5960943160113285,0.5742798529788872
0.5047911983911038,0.3945015459179409,0.3293598471598095,0.5600470957613815,0.7670165709381395,0.367946792533791,0.5216350648864955,0.6097605028356753,0.6450949005259548,0.6424030620735562,0.6001448989000856,0.5789383708009231
0.5146101975629954,0.3979694158937076,0.3293329386755644,0.5546180010465726,0.7724962038687528,0.3699253855872607,0.5248887392946633,0.6138424303724308,0.648263696056973,0.6466966217340655,0.6036027135612199,0.5835968886229593
0.510410505146102,0.397217347706192,0.3303016441083874,0.5563840920983778,0.7689971611540237,0.3699253855872607,0.5227196230225514,0.6127948560488387,0.6476756721440006,0.6456981194874355,0.6022525192649674,0.5818446021027439
0.5010647107535786,0.3937076961644523,0.3300594677501817,0.5617150706436422,0.7640456856143131,0.3678276001811724,0.5174090280115188,0.6058953148141458,0.6418934369997713,0.640073223498086,0.5969176052163604,0.5772715616719378
0.4960369099727907,0.3924542491852594,0.3307052713720637,0.564069858712716,0.7604146035518584,0.3673746692412215,0.5155764987471484,0.602608098833219,0.638201953546111,0.63687801630887,0.5941513534874532,0.5750064108043423
0.5086359872234709,0.3973635831870978,0.3312972580254554,0.5567438513867086,0.7667524922426883,0.3704498319387828,0.5153895059650698,0.6048116172380161,0.639900689294698,0.6396405391912131,0.5977408944213923,0.5783827677579281
0.5116526676919437,0.4010612517757165,0.3346877270403358,0.5530154369440085,0.7642437446359014,0.37407327945839,0.5172968323422716,0.6075931076834159,0.6425467969030741,0.6426027625228822,0.601495093196338,0.5835114112317292
0.510351354548681,0.4010821425587031,0.3353335306622178,0.5533424908424909,0.7627252921370568,0.3743593411046748,0.5160626799805528,0.6059675613192212,0.6414034170722943,0.6403727741720752,0.5998155832180728,0.5861612103598598
0.5008872589613156,0.3976142725829364,0.3351182627882572,0.5587061747776034,0.7577077969234831,0.3722853941691101,0.5096301282770486,0.598164938771087,0.6348698180392669,0.6340822100183058,0.5941842850556543,0.5812462603641337
0.503667337040104,0.3986379209492772,0.3351989882409924,0.5571363160648876,0.759160229748465,0.3729051944027271,0.5048805116122518,0.5927464508904382,0.6304269706968083,0.6299217839906806,0.5897714549166831,0.5761176168903325
0.5086951378208919,0.4028160775465864,0.3383203724134219,0.5524594453165882,0.7581699346405228,0.3766716727454767,0.5057780769662292,0.5944442437597081,0.6312436705759368,0.6311532700948577,0.5919778699861687,0.5805624412342935
0.5081036318466816,0.4059079134285953,0.3425450044398999,0.5502027734170591,0.7526242820360467,0.3803189587356075,0.509031751374397,0.5973702272152585,0.6332690862761752,0.6351472790813779,0.5961272475795297,0.5861612103598598
0.5060333609369454,0.4055736609008106,0.3430562656405565,0.5510204081632654,0.7509077705156135,0.3803427972061313,0.5068626351022851,0.5954556948307625,0.6300022867596615,0.6328507239141288,0.5944477376012646,0.586631336011625
0.498166331479948,0.4031503300743712,0.3435137098727229,0.5551085818942962,0.7458902753020399,0.3791508736799447,0.4992333295934777,0.5854134306252936,0.6211165920747445,0.6245631552670993,0.586313640255549,0.5802205316693735
0.4962735123624749,0.4041113060917523,0.3456125716438393,0.5548796441653585,0.7422591932395853,0.3806526973229397,0.4938853360260294,0.577430191814471,0.6147463330175428,0.6196372108503911,0.583349799117434,0.5776134712368578
0.505086951378209,0.4083521350380212,0.3470656297930737,0.549123495552067,0.7454281375850003,0.3837040215499773,0.4932121620105464,0.577646931329697,0.6134396132109372,0.61993676152438,0.5860172561417375,0.5824429438413541
0.5110611617177333,0.4125929639842901,0.3497833867018271,0.5441522762951334,0.7454281375850003,0.3873274690695845,0.4948950970492539,0.5787306289058267,0.6130475972689556,0.6221001830587451,0.5899031811894883,0.5882981451406103
0.5011830119484207,0.4116110971839224,0.3530393132954821,0.5476517530088959,0.7359213045487554,0.3882094924789626,0.488948726579154,0.5709280063576925,0.6046845905066807,0.6157430520885337,0.5866100243693605,0.5855201299256347
0.487814976931267,0.4095220188852678,0.3564297823103625,0.5529827315541601,0.7243018419489007,0.388519392595771,0.4793746961367292,0.5599104143337066,0.5934468001698736,0.6044932601098353,0.5770928011591913,0.5767586973245576
0.4860996096060571,0.4113604077880839,0.3596049834512822,0.5520342752485611,0.7194163860830527,0.3909747550597153,0.4730169415460564,0.5527941335837879,0.5842670935284702,0.5980695623231818,0.5711651188829613,0.5734250790665869
0.4942032414527387,0.4166875574496532,0.3627263676237118,0.5455913134484563,0.7201426024955436,0.3954087105771294,0.470773028161113,0.5499765198858506,0.5785828623697364,0.5941088367448827,0.5687281828360666,0.5743225916745022
0.4951496510114752,0.4199674103785409,0.3665473723865135,0.542778649921507,0.7159833630421866,0.3989606426851653,0.469015296009574,0.5458584690965574,0.5736499950998007,0.5911798968214345,0.5676743726536257,0.5773143003675528
0.4893528924642139,0.420427007604245,0.3697763904959233,0.5440214547357405,0.70878721859114,0.4006531740923503,0.4615729832828453,0.5363941769316909,0.5643069484825717,0.5848560492594441,0.5627675689916354,0.5751346268911873
0.4784100319413226,0.4199047380295813,0.3740817479751366,0.5474555206698064,0.6974318346867366,0.4022503516174402,0.4515501701634317,0.5249069826247156,0.5504883865277188,0.5727741720752204,0.5524270565764342,0.569364902983161
0.4682952797823258,0.419319796105958,0.3779296612221834,0.5506933542647828,0.6870667458902753,0.4036329829078167,0.4425745166236584,0.5131669255499766,0.5363431446212147,0.5607588617074387,0.5420536125930318,0.5631677921189846
0.4724949721992192,0.4237904236650789,0.3817775744692302,0.5460491889063319,0.684690037631214,0.4078762306610408,0.4400314147873892,0.5069176028609617,0.5289275097187286,0.5551006823098684,0.5389251136139103,0.5660740234208053
0.4717851650301668,0.4265897885852762,0.3857331216532573,0.5440541601255887,0.6794084637221892,0.4112374550048869,0.4376753057331987,0.5029079218292816,0.521838554767894,0.5512065235480113,0.5368833563854312,0.5703051542866912
0.4658109546906424,0.4254825770869892,0.3869709119285311,0.5465724751439037,0.674589027530204,0.4111659395933156,0.4318037323759303,0.4935158761694903,0.5090327006631603,0.5407555333666167,0.5286175327669104,0.5661167621164203
0.4565834614929611,0.4260257374446394,0.3918951645453811,0.5486983254840399,0.663365682973526,0.4136451405277837,0.4225662889412468,0.4809449842863851,0.4942667668485185,0.5282742552837411,0.5186721991701245,0.5595350029917087
0.4488347332308057,0.4269867134620205,0.3966579662567607,0.5501046572475145,0.6531986531986532,0.4163150492264416,0.4143012079733723,0.4714084456164433,0.481003560811473,0.5175569978365784,0.5101099914377922,0.5525258569108471
0.4519697148941204,0.4304545834377872,0.3996986249764551,0.5465070643642074,0.6512180629827689,0.4196285966292403,0.4107483451138786,0.4668207925441607,0.4732612459573356,0.5123315027458811,0.5057959560034249,0.5529532438669972
0.4535076304270674,0.4334001838388903,0.4027931006646396,0.5437925170068028,0.6483131973328051,0.4226799208562778,0.4099255768727327,0.4649062601596648,0.4678056907647578,0.5081045099018139,0.5038200619113482,0.5561586460381229
0.4516148113095943,0.4325018801704687,0.4024971073379437,0.545002616431188,0.6475869809203142,0.4220362821521371,0.405437750102846,0.4582595816927356,0.4582013001862076,0.4991845564985854,0.4974642692485016,0.5529532438669972
0.4463504081391222,0.4300158769950697,0.4016898528105911,0.5484039769754057,0.6456063907044298,0.420272235333381,0.3996409738584091,0.4502402196293754,0.4476822057430336,0.4887002829089698,0.4879470460383323,0.5449611077869904
0.4374778185259671,0.4278641263474554,0.4029814600543551,0.5525248560962847,0.6390704429920115,0.4196047581587165,0.3966490893451513,0.4457248130621681,0.4409199307438503,0.4815443501414544,0.4806033063294474,0.5405590221386444
0.4394889388382823,0.4285535221860114,0.402927643085865,0.5514455782312926,0.640324816795405,0.4199623352165725,0.4003141478738921,0.4488314127804068,0.4405605827970338,0.4812447994674654,0.4797141539880129,0.5421403538763997
0.4426830710990181,0.4281357065262806,0.400963323735974,0.5508895866038723,0.644484056248762,0.4188657655724808,0.4065597067953177,0.4556948307625619,0.4448074221685015,0.4847395573306706,0.4821510900349074,0.5447046756133003
0.4462912575417012,0.4252736692571237,0.3956354438554476,0.5521323914181058,0.6530666138509276,0.4148609025244941,0.4098133812034856,0.4599573745620056,0.4467348338832446,0.4842403062073556,0.4809655535796615,0.5423540473544748
0.4362356559801255,0.4187348541823347,0.3917606221241558,0.5600470957613815,0.652208358090711,0.4094257312450833,0.4108979393395415,0.4619441534515768,0.4471268498252262,0.4815443501414544,0.4768491075545017,0.5337635695358578
0.4410860049686502,0.417523188769115,0.3879934343298442,0.5596219256933543,0.659536541889483,0.4070657226632339,0.4174800852687086,0.4683379691507424,0.4533011009114371,0.4844732900649026,0.4773101495093196,0.530558167364732
0.4508458535431208,0.4157265814322721,0.3812394047843285,0.5583464154892727,0.6732686340529477,0.403060859615247,0.4258199633494147,0.4784524798612867,0.464048871320767,0.492794142120153,0.4818217743528947,0.5313702025814172
0.4577073228439607,0.4155176736024065,0.3778489357694481,0.5566130298273155,0.681190994916485,0.4014160051491096,0.4352817981225925,0.4903009066936387,0.4760380255463722,0.5020136461973705,0.4894618981755911,0.5368834943157536
0.4578256240388028,0.4117364418818417,0.372924683152598,0.5595565149136578,0.6873308245857265,0.3970774035137906,0.4439956617674558,0.5003070476465701,0.4869491359315279,0.5083707771675819,0.4943687018375815,0.5381229164885888
0.4601324973382231,0.4073284866716805,0.3661975620913274,0.5623364730507588,0.6969036772958341,0.3915945552933323,0.4503160178017129,0.5105299281147274,0.4967495344810689,0.5142619404226992,0.4974313376803003,0.5358577656209933
0.4674671714184313,0.4048842650622545,0.3597126173882625,0.562238356881214,0.7089192579388657,0.3873274690695845,0.4569355622872957,0.5194162482389915,0.5078893208323806,0.5223830920286238,0.5017124415464664,0.5361996751859134
0.4769904176032178,0.4042993231386312,0.354626913865942,0.5600470957613815,0.7204727008648576,0.3847290757824978,0.4697632671378885,0.5356355886284001,0.5245499983666003,0.5350640705608254,0.5107356912336165,0.5419693990939397
0.4834969833195315,0.4041321968747389,0.3514786212092672,0.5584118262689691,0.7279329240113553,0.3832510906100265,0.4815812109652568,0.550771231441679,0.5423540557315998,0.5492428024629722,0.5214055193308306,0.547952816480041
0.4869277179699515,0.4020431185760842,0.3471732637300541,0.5590659340659342,0.7351950881362646,0.3801520894419414,0.4886121395714126,0.5604883863743092,0.5551925778314984,0.5591612581128307,0.527629585720872,0.547910077784426
0.487874127528688,0.3982201052895462,0.3418722923337728,0.5618131868131868,0.7421931735657225,0.3756227800424325,0.4928007778899735,0.5658707510024203,0.5637515925647644,0.5662839074721252,0.530823947836396,0.5439781177878451
0.4852123506447415,0.3947731260967661,0.3386163657401179,0.5652472527472527,0.7447019211725092,0.3722138787575389,0.4970268147649501,0.5714698551457573,0.5731599751723238,0.5733067066067565,0.535434367384575,0.5420548764851697
0.4969241689341062,0.3973426924041113,0.3365982294217367,0.5599816849816851,0.7537466164917145,0.3727860020501084,0.5064512509817122,0.5837517610085613,0.5867825291561858,0.5853220169745382,0.545182111572153,0.5487648516967263
0.5084585354312079,0.3989303919110888,0.3333961197965719,0.5555664573521717,0.7641117052881757,0.3722615556985864,0.5131081940237107,0.5946609832749341,0.5994577112802588,0.5977034448327508,0.5549957188961339,0.5567569877767331
0.5073346740802083,0.3976142725829364,0.3322121464897883,0.5569073783359498,0.7649039413745296,0.3709981167608286,0.5161374770933842,0.600476826933497,0.6079513900231943,0.6046929605591612,0.5600671803991306,0.5592358321224036
0.4992901928309476,0.3931854265897885,0.3301401932029169,0.5625981161695448,0.7629233511586453,0.3675415385348876,0.5166236583267886,0.6005490734385724,0.6100748097089282,0.6043601264769513,0.557860765329645,0.5540217112573724
0.5050278007807879,0.3932272081557617,0.3276107956838792,0.5609955520669807,0.769261239849475,0.366444968890796,0.5174464265679345,0.6024636058230682,0.6142236450949005,0.6078216009319354,0.5593426858987025,0.5539362338661424
0.5105879569383651,0.3957549928971338,0.3283373247584963,0.55746336996337,0.7714398890869478,0.3682328541800758,0.5241033696099331,0.6106997074016545,0.6242527196105976,0.6155433516392078,0.5665876309029836,0.5585947516881785
0.515734058913995,0.3969248767443804,0.3275031617468988,0.5551085818942962,0.7753350498448537,0.3685189158263606,0.5308351097647631,0.61879131597009,0.6330730783051844,0.6241637543684473,0.5737996443390635,0.5638088725532097
0.5159115107062582,0.3950447062755912,0.3250006727121061,0.5565476190476191,0.7785039941902687,0.3663257765381773,0.532331052021392,0.6201639995665209,0.6371239097056614,0.6270926942918954,0.5754462227491273,0.5645354303786649
0.5089908908079972,0.391096348291134,0.3230632618464602,0.5615515436944009,0.7770515613652867,0.3632267753700923,0.5281798122592468,0.616045948777228,0.635817189899056,0.6253619570644033,0.5731739445432391,0.5603042995127789
0.5110020111203123,0.3912425837720398,0.322336732771843,0.5608647305075877,0.7790321515811711,0.3629883906648549,0.528030218033584,0.6172380161109707,0.6371239097056614,0.6256947911466133,0.5737337812026608,0.5596632190785538
0.5221814740328877,0.3949193615776719,0.3219869224766569,0.5549123495552069,0.7857001386413149,0.3649431452478009,0.5311716967725046,0.6213560669002638,0.6428734768547255,0.6314195373606257,0.578969900546664,0.5638088725532097
0.5250207027090974,0.3960683546419319,0.3221752818663724,0.5532116692830978,0.787086551792434,0.3656821378340366,0.5357717192116385,0.6264133222555358,0.6470223122406978,0.637343984023964,0.5844365408680761,0.5683819129840157
0.5214125162664143,0.395420740369349,0.322982536393725,0.5547488226059655,0.7841156664686075,0.3656582993635129,0.5348741538576611,0.6281111151248059,0.6488517199699455,0.6398069562323182,0.5863465718237503,0.5706470638516112
0.5189281911747309,0.3943553104370351,0.3227403600355192,0.5562532705389849,0.7829933320129397,0.3649431452478009,0.5336400014959423,0.6250045154065673,0.6473489921923492,0.6384090530870361,0.5844036092998749,0.5664586716813403
0.5131905832248906,0.3931436450238154,0.3237897909210774,0.5588042909471481,0.7785039941902687,0.3647285990130873,0.532069262126482,0.6235957085575986,0.6465322923132207,0.6366783158595439,0.582526509912402,0.5623557569022993
0.5181000828108364,0.3956296481992145,0.3247315878696553,0.5554683411826269,0.7800884663629761,0.3665641612434147,0.5351359437525712,0.6279666221146553,0.6508771356701839,0.639840239640539,0.5853586247777118,0.5652192495085051
0.5251390039039394,0.3967577504804879,0.32300944487797,0.5526556776556777,0.7860962566844919,0.366444968890796,0.5389131979505591,0.6328432612072391,0.6562020188821013,0.6444333499750374,0.5900678390304946,0.5704333703735363
0.526144564060097,0.3955878666332414,0.321045125528079,0.5533097854526426,0.7890671420083184,0.3648954683067534,0.538801002281312,0.6320846729039483,0.6567247068047434,0.6452987185887834,0.5912863070539418,0.5723566116762118
0.5182775346030996,0.3932272081557617,0.3215832952129807,0.5572998430141287,0.7840496467947448,0.3637988986626618,0.5346871610755826,0.6285807174077954,0.6529025513704224,0.6414711266433681,0.5877955608246065,0.5686383451577058
0.5215308174612563,0.3942299657391159,0.3213949358232651,0.5556318681318682,0.7860962566844919,0.3642756680731364,0.531657878005909,0.6255102409420945,0.6509424716605142,0.6393077051090031,0.5861160508463413,0.5656893751602702
0.5224772270199929,0.39523272332247,0.3222560073191077,0.5545852956567242,0.7855680992935894,0.3652292068940857,0.5337147986087738,0.6272441570639021,0.6529678873607527,0.6418039607255783,0.5881248765066193,0.5670142747243355
0.526262865254939,0.3969039859613938,0.3226865430670291,0.5522305075876505,0.7871525714662969,0.3663734534792248,0.5375668499195931,0.6313260846006574,0.6571167227467251,0.6455649858545515,0.5917473490087597,0.5706043251559962
0.5220631728380457,0.3958385560290799,0.3232247127519307,0.5542255363683937,0.7841156664686075,0.3660158764213688,0.537866038370919,0.631795686883647,0.6577047466596976,0.6460309535696455,0.5920437331225713,0.5723138729805967
0.5143144445758903,0.3932689897217348,0.3234399806258913,0.5583791208791209,0.7795603089720736,0.3646332451309924,0.5338269942780209,0.6271719105588267,0.6535885792688902,0.6418705275420202,0.5875321082789962,0.5668005812462604
0.5125399266532592,0.3923080137043536,0.32300944487797,0.5596219256933543,0.7790981712550339,0.3638942525447567,0.5307603126519317,0.6239930643355128,0.6510404756460096,0.6390414378432352,0.5845682671408812,0.5645354303786649
0.5193422453566782,0.3945433274839141,0.3227941770040093,0.5559916274201989,0.7831913910345282,0.3650861760709433,0.5331912188189536,0.6258714734674711,0.6528372153800922,0.6415044100515892,0.5877296976882039,0.5685101290708607
0.5254347568910446,0.3970711122252862,0.3232785297204208,0.5523286237571952,0.7859642173367662,0.3667310305370808,0.5383522196043233,0.631795686883647,0.6581294305968443,0.6480279580629056,0.5945794638740697,0.5751773655868023
0.5211759138767302,0.3954834127183086,0.3231708957834405,0.5547488226059655,0.7837195484254307,0.3657774917161315,0.537866038370919,0.632012426398873,0.6582274345823397,0.6482276585122316,0.5951722321016927,0.573852466022737
0.5173902756417841,0.393164535806802,0.3219331055081668,0.5576268969126114,0.7831253713606654,0.3639180910152805,0.5336400014959423,0.6272441570639021,0.6536212472640555,0.6430021634215343,0.5891457551208589,0.5672707068980255
0.5145510469655743,0.3914514916019052,0.3209913085595889,0.559720041862899,0.7826632336436257,0.3625116212543803,0.5287781891618983,0.6215728064154896,0.6493090719022574,0.6395739723747711,0.5849305143910953,0.5641935208137449
0.5232461847864665,0.395420740369349,0.3221214648978823,0.5542255363683937,0.7861622763583547,0.3652768838351331,0.5321440592393134,0.6254379944370191,0.6519551795106335,0.6425361957064403,0.5887505763024435,0.5678263099410206
0.5317047202176742,0.3989303919110888,0.3227941770040093,0.549123495552067,0.7900574371162605,0.367589215475935,0.5362952990014586,0.6298811544991512,0.6564960308385874,0.6470960226327176,0.5949087795560825,0.5752201042824173
0.5298119011002012,0.3980947605916269,0.3225789091300488,0.550300889586604,0.7892652010299069,0.3670170921833655,0.5371180672426045,0.6308926055702057,0.6572800627225508,0.6471625894491595,0.5942501481920568,0.5742798529788872
0.5179226310185733,0.3934778975516002,0.3220676479293921,0.557201726844584,0.783257410708391,0.364132637249994,0.5321814577957291,0.6258714734674711,0.6519551795106335,0.6412381427858211,0.5878614239610089,0.5679545260278656
0.5170945226546789,0.3924751399682459,0.3211796679493044,0.5582155939298796,0.7838515877731563,0.3631790984290448,0.5285911963798198,0.6221146552035546,0.6491130639312667,0.6376435346979531,0.5840742936178621,0.5643644755962048
0.5194013959540992,0.3940628394752234,0.3221483733821274,0.5563513867085297,0.783983627120882,0.3645140527783737,0.5301619357492802,0.6233067225372972,0.6510731436411747,0.6393077051090031,0.5867746822103669,0.5662877168988802
0.5288654915414646,0.3971546753572323,0.3218254715711864,0.5513147566718996,0.7896613190730837,0.3661350687739875,0.5344627697370883,0.6283639778925695,0.6558753389304499,0.6448327508736894,0.5933280642824211,0.5730404308060518
0.5249024015142553,0.3953580680203894,0.3213142103705299,0.5538003663003663,0.7880768469003763,0.3648954683067534,0.5357717192116385,0.629158689448398,0.6561366828917711,0.6454984190381094,0.5939866956464467,0.5743653303701172
0.5175677274340471,0.3912843653380128,0.319403707989129,0.5590332286760858,0.7862943157060804,0.3617249517270972,0.5294513631773814,0.6221507784560921,0.649472411878083,0.639374271925445,0.5879272870974116,0.5676553551585606
0.5146101975629954,0.3900726999247932,0.3191884401151683,0.5607993197278912,0.7849739222288241,0.3609382821998141,0.5264594786641236,0.6174908788787343,0.644898892554964,0.6360792145115659,0.5845024040044787,0.560859902555774
0.5202295043179936,0.3935196791175733,0.3210720340123241,0.5565476190476191,0.7857661583151778,0.3637273832510906,0.5290399790568084,0.6192609182530795,0.6474796641730097,0.638475619903478,0.58608311927814,0.5633814855970596
0.5246066485271501,0.3956087574162279,0.3217716546026962,0.5537022501308216,0.7873506304878853,0.3652292068940857,0.5340887841729309,0.6241014340931258,0.652575871418771,0.6425361957064403,0.5893762760982678,0.5685101290708607
0.5228912812019402,0.3945015459179409,0.3210989424965692,0.5550431711145997,0.7872185911401597,0.3642995065436601,0.5339391899472681,0.6248600223964166,0.6535885792688902,0.6424030620735562,0.5903312915761049,0.5690657321138559
0.5194605465515202,0.3920991058744882,0.3195920673788446,0.5578885400313972,0.7871525714662969,0.3622493980786193,0.5304985227570216,0.6205974785969729,0.6487863839796153,0.6388084539856882,0.5864124349601528,0.5644072142918198
0.5160889624985212,0.3906367510654299,0.3192691655679036,0.5599489795918368,0.7857001386413149,0.3612720207871463,0.5267960656718651,0.6159014557670772,0.6457155924340924,0.6364120485937759,0.5842060198906671,0.5623557569022993
0.5244291967348871,0.3938957132113311,0.3196458843473347,0.5551085818942962,0.7898593780946721,0.3632982907816634,0.5291895732824714,0.6204168623342846,0.6484597040279638,0.6377433849226161,0.5865112296647566,0.5654756816821951
0.5306991600615166,0.3961519177738781,0.3196997013158249,0.5515763997906856,0.7932924011355382,0.3646332451309924,0.5332286173753693,0.6257269804573204,0.6519551795106335,0.6405059078049592,0.5896726602120793,0.5691939482007009
0.5264994676446232,0.3944179827859948,0.3193767995048839,0.5540947148090005,0.7913778305935167,0.3634889985458533,0.5338269942780209,0.6257631037098581,0.652053183496129,0.6403727741720752,0.5899361127576895,0.569322164287546
0.5169170708624157,0.3906994234143895,0.3189462637569626,0.5596873364730508,0.7864923747276688,0.3611766669050514,0.5294139646209657,0.6212476971426508,0.6481330240763125,0.6362123481444499,0.5864782980965554,0.5646209077698949
0.5136637880042588,0.3903024985376451,0.3199149691897855,0.5608647305075877,0.7835214894038424,0.3613912131397649,0.5278806238079211,0.6189719322327782,0.6450949005259548,0.6338159427525378,0.5838437726404532,0.5603897769040089
0.522654678812256,0.3930600818918692,0.3193767995048839,0.5562532705389849,0.789199181356044,0.3627261674890939,0.52937656606455,0.6198388902936821,0.6465322923132207,0.6352138458978198,0.5855891457551208,0.5633814855970596
0.5308766118537798,0.3962563716888108,0.3197535182843151,0.5514782836211408,0.7933584208094011,0.3647047605425635,0.5344627697370883,0.62449878987104,0.651857175525138,0.6402396405391911,0.5901995653032998,0.569450380374391
0.526026262865255,0.3937494777304253,0.3187040873987568,0.5547488226059655,0.7919059879844192,0.3628215213711888,0.5335278058266951,0.6236318318101363,0.6503544477475418,0.6394741221501081,0.5888823025752487,0.5677835712454056
0.5196379983437833,0.391597727082811,0.3188655383042273,0.5582155939298796,0.788142866574239,0.361653436315526,0.5287781891618983,0.6188996857277029,0.6459116004050832,0.635646530204693,0.5856220773233222,0.5624412342935294
0.5136637880042588,0.3902607169716721,0.3198611522212954,0.5609301412872841,0.783587509077705,0.3613435361987175,0.5257115075358092,0.615720839504389,0.6430041488353859,0.6325178898319187,0.5838767042086543,0.5585520129925635
0.5206435584999408,0.3921617782234477,0.3191346231466782,0.5574960753532183,0.7883409255958276,0.3620825287849532,0.5292643703953028,0.6185023299497886,0.6454215804776061,0.6349808620402728,0.586675887505763,0.5616719377724593
0.5331834851532001,0.3956923205481741,0.3179775583241396,0.5512820512820514,0.7967914438502673,0.3635843524279483,0.5352481394218184,0.6251128851641803,0.6512364836170005,0.6411715759693792,0.592834090759402,0.5685101290708607
0.5360227138294097,0.3963608256037436,0.3175470225762183,0.5499411302982732,0.7989040734138773,0.3637988986626618,0.5353977336474812,0.6264494455080736,0.6519551795106335,0.6416708270926943,0.5930975433050122,0.5688520386357808
0.5221223234354667,0.3928093924960307,0.3192960740521486,0.5565803244374674,0.7890011223344556,0.3625354597249041,0.5306855155391003,0.6196943972835315,0.6454542484727713,0.636112497919787,0.5873345188697886,0.5611163347294641
0.5188690405773099,0.3918901980446226,0.3195920673788446,0.5581828885400314,0.7868224730969828,0.3621540441965243,0.5279180223643367,0.6165155510602174,0.6425794648982392,0.6325178898319187,0.583349799117434,0.5576545003846484
0.5247841003194132,0.3929974095429096,0.3183273686193257,0.5556972789115646,0.7917079289628308,0.3622017211375718,0.5298253487415386,0.6188996857277029,0.6440168566855053,0.6334165418538857,0.5844365408680761,0.560603470382084
0.5329468827635159,0.3953998495863625,0.3177084734816888,0.5515436944008373,0.7969895028718558,0.3633221292521872,0.5324058491342235,0.6232705992847596,0.6488190519747803,0.6374438342486269,0.5891128235526576,0.5666296264638003
0.5345439488938839,0.3966741873485417,0.3186233619460216,0.5501046572475145,0.7967914438502673,0.3644425373668025,0.5351733423089869,0.6258714734674711,0.6515631635686518,0.6396738225994342,0.5913851017585458,0.569279425591931
0.5283922867620963,0.3968204228294475,0.3216102036972257,0.5517072213500785,0.7896613190730837,0.3658490071277027,0.5286285949362355,0.6194415345157678,0.6494070758877528,0.6382759194541521,0.5892445498254627,0.5661167621164203
0.5253164556962026,0.3995362246176986,0.3265344563140758,0.5504317111459969,0.7819370172311348,0.3695678085294048,0.5259358988743035,0.616045948777228,0.6488517199699455,0.6372774172075221,0.5878943555292103,0.5644926916830499
0.5345439488938839,0.4053856438539316,0.329844199876221,0.5433019361590791,0.7829933320129397,0.3743831795751984,0.5263846815512921,0.6166961673229058,0.6534905752833949,0.6418372441337992,0.5927352960547981,0.5709462347209163
0.5424701289483024,0.4093548926213755,0.3313510749939456,0.538003663003663,0.7855680992935894,0.3773153114496174,0.5296757545158757,0.6198388902936821,0.6600241743164222,0.6486270594108836,0.5984983204900218,0.5785537225403882
0.5427067313379865,0.4092922202724157,0.33116271560423,0.5379709576138149,0.7859642173367662,0.3771961190969987,0.5312090953289204,0.6233789690423727,0.6626049459344681,0.6510900316192377,0.6004083514456959,0.5814599538422087
0.5436531408967231,0.4074747221525863,0.3283911417269865,0.5391483516483516,0.7898593780946721,0.3749314643972442,0.5256741089793935,0.6189719322327782,0.658521446538826,0.6473955733067065,0.5979384838306,0.5775707325412429
0.5352537560629363,0.406659981616111,0.3311896240884751,0.5420918367346939,0.7817389582095463,0.3757181339245274,0.5171846366730245,0.612650363038688,0.6551239750416518,0.6455982692627725,0.5962919054205361,0.5726130438499017
0.5419969241689342,0.4132823598228461,0.3366251379059818,0.5350601779173207,0.7788340925595826,0.3818922977901737,0.512809005572385,0.6103384748762779,0.6593054784227893,0.6508903311699118,0.6022195876967662,0.5801777929737585
0.5615757719152964,0.4214506559705857,0.3382396469606867,0.5232535321821036,0.787812768204925,0.3872559536580133,0.5053292942892404,0.6063287938445978,0.6607428702100553,0.655383591279747,0.6087400382006192,0.590734250790666
0.5683780906187152,0.4242082393248098,0.338670182708608,0.5192307692307693,0.7910477322242028,0.3890200004767694,0.4981487714574217,0.6005490734385724,0.6571820587370553,0.6551838908304211,0.6102219587696767,0.5944525173091718
0.5717496746717142,0.4208030416980028,0.332777224658935,0.5209314495028782,0.8001584472172706,0.3844668526067367,0.4955308725083212,0.597731459740635,0.650158439776551,0.6489931769013146,0.6051834288348812,0.5888110094879905
0.5823967822075004,0.4176485334670343,0.3238705163738127,0.5204735740450027,0.8170594837261503,0.3787217812105176,0.4952316840569954,0.5973702272152585,0.6455849204534319,0.6433017140955233,0.5999802410590792,0.5836823660141892
0.5887258961315509,0.417063591543411,0.3202378710007266,0.519198063840921,0.8250478642635505,0.3767908650980953,0.5038707505890273,0.6065455333598238,0.6493090719022574,0.6451655849558994,0.6016597510373445,0.5870587229677751
0.5932213415355496,0.4148909501128102,0.3153943438366117,0.5196232339089482,0.8334323628441275,0.3734058022837255,0.5129959983544635,0.6157569627569266,0.6541439351866976,0.6486603428191046,0.6050187709938747,0.5926147533977263
0.5859458180527624,0.4122378206735188,0.3152867098996313,0.523711407639979,0.8295372020862216,0.371856301699683,0.5159130857548899,0.6162626882924538,0.6529678873607527,0.6464969212847396,0.6043272080616479,0.5930421403538764
0.5734058913995032,0.4074538313695997,0.314829265667465,0.5309392987964417,0.823133293721529,0.368924169825264,0.5102659037361158,0.6077014774410289,0.6445068766129822,0.6383424862705941,0.5973127840347757,0.5841097529703394
0.5524665799124572,0.402648951282694,0.3181659177138552,0.5404892726321298,0.8073545916683171,0.3676607308875063,0.5115000560978347,0.6054618357836941,0.64277547286923,0.636811449492428,0.5943489428966607,0.5776989486280879
0.5413462675973028,0.399703350881591,0.319430616473374,0.5458529565672423,0.7995642701525054,0.3665403227728909,0.522233441789147,0.6147093884333346,0.6475450001633399,0.6395739723747711,0.5942172166238556,0.5745362851525772
0.5386844907133562,0.3964443887356898,0.3164437747221699,0.5491562009419153,0.8017429193899781,0.3633459677227109,0.5326302404727178,0.62449878987104,0.651857175525138,0.6424030620735562,0.5951722321016927,0.573724249935892
0.533124334555779,0.3908874404612684,0.3118155154320157,0.5550431711145997,0.8043176866706278,0.3581253426780137,0.5391749878454692,0.6301701405194523,0.6517265035444776,0.6402063571309701,0.592241322531779,0.5683819129840157
0.5189873417721519,0.3842441714715467,0.3096897451766542,0.5641679748822607,0.7990361127616029,0.353405325514315,0.5371554657990202,0.6258714734674711,0.6440495246806703,0.6319187884839407,0.5825923730488046,0.556543294298658
0.5188098899798889,0.383909918943762,0.3093399348814682,0.5644623233908949,0.7993662111309169,0.353047748456459,0.5326676390291335,0.6205613553444352,0.6389859854300742,0.6267265768014644,0.5759072647039452,0.5494486708265663
0.5257305098781497,0.3860616695913763,0.308963216102037,0.5608647305075877,0.8036574899319997,0.3541204796300269,0.5345749654063354,0.6217172994256404,0.6388879814445788,0.6262273256781493,0.5755779490219324,0.5505171382169417
0.5251981545013605,0.3865839391660399,0.3098781045663698,0.5606030873888017,0.8022710767808806,0.3548117952752151,0.5374172556939303,0.6250045154065673,0.6419261049949365,0.6285571642536195,0.5778172956596193,0.5519275151722369
0.5229504317993613,0.3851842567059413,0.3090977585232624,0.5623037676609105,0.8020069980854294,0.353667548690076,0.5392871835147164,0.6267384315283748,0.6430368168305511,0.6290231319687135,0.5783771323190411,0.5535088469099924
0.5150242517449427,0.3827191443135289,0.3095282942711838,0.5664246467817897,0.7970555225457187,0.3524517866933658,0.5359961105501329,0.6226203807390818,0.6395086733527163,0.6263937427192544,0.5748534545215043,0.5495341482177964
0.5151425529397847,0.3820715300409459,0.308640314291096,0.5669152276295134,0.7981778570013863,0.3516889556366063,0.530573319869853,0.6194776577683055,0.6353925059619092,0.6230986853053753,0.5718237502469867,0.5467133943072058
0.5213533656689933,0.3838054650288293,0.3080483276377042,0.5638409209837782,0.8023370964547434,0.352427948222842,0.5345001682935039,0.621753422678178,0.6378752735944596,0.6247961391246464,0.5738325759072647,0.5494486708265663
0.5249024015142553,0.3868973009108382,0.3104162742512714,0.5604395604395606,0.8014128210206641,0.3552170492741186,0.5383148210479076,0.6259437199725464,0.6435921727483584,0.6311199866866366,0.5801883685701114,0.5561159073425079
0.5303442564769904,0.3879836216261385,0.3093668433657132,0.5580847723704868,0.8057701194956096,0.3553839185677847,0.5385392123864019,0.6273886500740528,0.6454215804776061,0.6330837077716758,0.5822630573667918,0.5587657064706385
0.5214716668638354,0.3839517005097351,0.3081828700589296,0.5637100994243852,0.8022710767808806,0.3525471405754606,0.5386888066120648,0.6266661850232995,0.6456175884485968,0.6298552171742385,0.5766317592043734,0.551585605607317
0.5072163728853661,0.3804629397509818,0.3101740978930657,0.5703492935635793,0.7919059879844192,0.351450570931369,0.5468042933542766,0.6342159448036702,0.6530332233510829,0.6331502745881177,0.5729763551340316,0.5412855799640995
0.5063291139240507,0.3852678198378875,0.3167666765331109,0.5668498168498168,0.7833234303822538,0.3571002884454933,0.554022214742511,0.6388758443810281,0.6577047466596976,0.6416708270926943,0.5813409734571561,0.5427386956150099
0.5263811664497812,0.3996615693156179,0.3262115545031349,0.5500392464678179,0.782927312339077,0.3694962931178335,0.5349489509704926,0.6192609182530795,0.6509424716605142,0.6575137294058911,0.6116380162023315,0.5747072399350373
0.5346622500887259,0.4121124759755996,0.3384818233188925,0.538003663003663,0.7724962038687528,0.3820353286133161,0.4990089382549834,0.577321822056858,0.6317990264937441,0.6685638209352638,0.6454587367450437,0.6162492520728269
0.5421152253637762,0.4178783320798863,0.3424911874714098,0.5314298796441653,0.7717039677823991,0.3871129228348709,0.4643778750140245,0.5367915327096052,0.6043579105550293,0.6653353303378265,0.668708423895146,0.6544576459526456
0.5619898260972436,0.4152252026405949,0.3300325592659365,0.5279958137100995,0.7981118373275236,0.3800805740303702,0.4427989079621526,0.5175378391070332,0.5689131358008559,0.635646530204693,0.66031087400382,0.674245662022395
0.5973618833550218,0.4182125846076711,0.317789198934424,0.515894819466248,0.8328381857793622,0.3763617726286681,0.440330603238715,0.5213307806234874,0.5469275750547189,0.6017307372274919,0.6294869261674241,0.6786904863663561
0.6153436649710162,0.4346118492521099,0.3307321798563087,0.4980703819989535,0.8270284544794348,0.39145152447019,0.427540296944538,0.5072788353863382,0.5129855280781419,0.5672491263105341,0.592834090759402,0.6802718181041115
0.6215544777002248,0.4599314782318041,0.3604929634313699,0.4765502354788069,0.7939525978741664,0.4190803118071945,0.3803433187478963,0.4543221471661308,0.4686223906438862,0.5541021800632384,0.5952710268062965,0.7121121463372938
0.6284750975984857,0.4844990390239826,0.3890159567311573,0.4553898482469911,0.7627913118109196,0.4457317218527259,0.3021055387262051,0.3633999205288444,0.3890431544216132,0.5170577467132634,0.5844036092998749,0.7429694845713309
0.5896723056902875,0.4686638255201805,0.3862712913381589,0.47854526425955,0.7445038621509209,0.4354811795275215,0.2832192677362654,0.319763031463353,0.2722877397014145,0.3859544017307372,0.4698346835276296,0.6884776476621933
0.4966284159470011,0.4199047380295813,0.3657939348276512,0.5424188906331765,0.7177658942364824,0.3986030656273093,0.3587643516960245,0.3767294007152404,0.2210643232824801,0.2660009985022465,0.3361983797668445,0.5712026668946064
0.4417958121377026,0.3912634745550263,0.3538465678228346,0.5799973835688121,0.7017891331616821,0.3769577343917614,0.4481095029731853,0.468265722645667,0.282904838130084,0.2880346147445498,0.3325759072647039,0.5202581417215146
0.3925233644859813,0.3694117155510988,0.3481150606786319,0.6107077446363162,0.6813230342642107,0.3619394979618108,0.5322188563521448,0.5562619658274031,0.3733625167423476,0.3601264769512398,0.3692946058091287,0.4752542952389093
0.3756654442209866,0.3464109634829113,0.3261577375346447,0.6333725798011512,0.6988842675117185,0.3391022432000763,0.6069785706271739,0.6349022866018857,0.443010682434419,0.4107172574471626,0.3938286241190806,0.4398666552696811
0.381521353365669,0.3375323807136291,0.3120576917902214,0.6387035583464156,0.7194163860830527,0.3278028081718277,0.634167321141404,0.6682801719466821,0.4761686975270328,0.4430687302379763,0.416880721859975,0.434609795709035
0.398970779604874,0.3389738447397007,0.3059494658665878,0.6327511773940345,0.7366475209612464,0.3259195690004529,0.634690900931224,0.6774193548387096,0.5019764137074908,0.47475453486437,0.4441151287624317,0.4462774596119326
0.4294924878741276,0.3414389571321132,0.2952398891370449,0.6223835688121403,0.7668185119165511,0.3225821831271305,0.632147799094955,0.683307445002348,0.5302342295253342,0.5058079547345647,0.4709872884146743,0.464997008291307
0.4533301786348042,0.3436324893457006,0.2872480693162554,0.6141091051805339,0.789925397768535,0.3202698514863286,0.6238827181270804,0.6810316800924756,0.5499003626147464,0.528007988017973,0.4917341763814793,0.4809385417557056
0.4623210694428013,0.3434653630818082,0.2829427118370423,0.61175431711146,0.8002244668911335,0.3182674199623352,0.6107184262687461,0.6727955785138894,0.5599947731207736,0.5396904643035446,0.501778304682869,0.4860671852295068
0.4741511889270082,0.3486462772624717,0.2842074105965611,0.6043956043956044,0.80530798177857,0.3217955135998474,0.6006956131493325,0.6665823790774121,0.5740746790369475,0.5546347145947744,0.5146216162813674,0.4953414821779639
0.4926653259197918,0.3612225286203727,0.292010871027635,0.5894492412349556,0.8060341981910608,0.3324274714534315,0.5971053517334232,0.6689303904923599,0.5941981640586718,0.5758362456315527,0.5332938154514918,0.5101290708607573
0.50686146930084,0.3722319712542826,0.2997336060059737,0.5768903715332288,0.8045157456922162,0.3421297289565901,0.5947118441228169,0.6722537297258245,0.6157917088628272,0.5973706107505408,0.5523282618718304,0.5264979912813061
0.5118301194842069,0.3786245508481658,0.305707289508382,0.5705128205128206,0.7999603881956823,0.3484230851748552,0.5801638056771009,0.6615251237221399,0.6283035510110745,0.6114494924280245,0.5663241783573734,0.539319599965809
0.5125399266532592,0.3842441714715467,0.3126227699593682,0.5659340659340659,0.7918399683105565,0.3546926029225964,0.5509929316728375,0.6362749701983167,0.6318970304792395,0.618705275420203,0.5735691233616546,0.5464997008291307
0.5143144445758903,0.3889237068605332,0.3178699243871593,0.5617804814233386,0.7863603353799432,0.3596748432620563,0.5335652043831108,0.6188274392226276,0.6322890464212212,0.6225994341820602,0.5769281433181848,0.5490640225660314
0.5178043298237313,0.3910127851591877,0.3189462637569626,0.5591640502354789,0.7870205321185713,0.3613673746692412,0.5298253487415386,0.6162265650399162,0.6340857861553036,0.6262273256781493,0.5799907791609036,0.5507308316950167
0.5289246421388856,0.3947522353137795,0.3187040873987568,0.5531789638932497,0.7934904601571267,0.3633936446637584,0.5321440592393134,0.6199472600512951,0.6402273692463494,0.6323181893825928,0.5859843245735362,0.5587657064706385
0.5280373831775701,0.3948984707946854,0.3193229825363938,0.5533097854526426,0.7922360863537334,0.3637512217216144,0.5304985227570216,0.6185023299497886,0.6418934369997713,0.6353136961224829,0.5882236712112231,0.5619283699461493
0.5221814740328877,0.3926840477981115,0.3191077146624331,0.5566457352171639,0.7892652010299069,0.3623924289017616,0.5269830584539438,0.6144926489181086,0.6385939694880925,0.6333832584456648,0.5851610353685043,0.5576545003846484
0.5166213178753105,0.3918693072616361,0.3205876812959126,0.5588369963369964,0.7843797451640588,0.3625592981954277,0.5227944201353828,0.6099049958458259,0.635817189899056,0.6303544682975537,0.5823618520713957,0.5536798016924525
0.5302851058795695,0.3964234979527032,0.3202378710007266,0.5514782836211408,0.7924341453753218,0.3650146606593721,0.5219342533378212,0.6101939818661273,0.6372545816863219,0.6324513230154767,0.5842389514588685,0.556500555603043
0.5369691233881463,0.4008314531628645,0.3228749024567446,0.5461800104657247,0.7928962830923615,0.3687096235905505,0.5250757320767419,0.614239786150345,0.6417954330142759,0.638475619903478,0.5903642231443061,0.5644072142918198
0.5352537560629363,0.400622545332999,0.3233861636574012,0.5468341182626898,0.7913118109196541,0.3688049774726453,0.5259732974307192,0.6154318534840877,0.643722844729019,0.6415709768680313,0.5939866956464467,0.5662449782032652
0.5275050278007808,0.3986797025152502,0.3244086860587143,0.5504971219256933,0.7857001386413149,0.3681375002979809,0.5212610793223382,0.6109886934219557,0.6408807291496521,0.6390414378432352,0.5924059803727854,0.5626121890759894
0.5236010883709925,0.3971546753572323,0.3242203266689987,0.5527864992150707,0.7837855680992935,0.3672077999475553,0.5164740641011257,0.6050644800057797,0.6361438698507073,0.6346147445498419,0.5886188500296384,0.5578254551671084
0.527800780787886,0.3993899891367928,0.3251890321018217,0.5498757195185767,0.7849079025549613,0.3689003313547403,0.5170350424473615,0.6058230683090706,0.6368298977491752,0.6354468297553668,0.5901337021668972,0.5613727669031542
0.536377617413936,0.4018133199632322,0.3244086860587143,0.5455913134484563,0.7906516141810258,0.3699492240577844,0.5221960432327313,0.6118195282303219,0.6422527849465879,0.6397736728240971,0.5947111901468748,0.5699205060261561
0.5366733704010411,0.4017715383972591,0.3242203266689987,0.5455586080586081,0.7910477322242028,0.3698300317051658,0.5224952316840571,0.6121807607556985,0.6423181209369182,0.6397071060076551,0.5949417111242837,0.5709889734165313
0.533242635750621,0.4003718559371605,0.323978150310793,0.5475863422291994,0.7894632600514953,0.368924169825264,0.5185683832604062,0.6079543402087925,0.6385939694880925,0.6364120485937759,0.5924059803727854,0.5676980938541756
0.5280373831775701,0.3998078047965237,0.3256464763339881,0.5494832548403977,0.7845117845117845,0.3693294238241674,0.5132203896929579,0.6031138243687462,0.6335957662278267,0.6324846064236977,0.589639728643878,0.5635524403795197
0.5342481959067786,0.4027951867635999,0.3266420902510561,0.5453950811093669,0.7867564534231201,0.371498724641827,0.5122480272261491,0.6027525918433696,0.6337917741988175,0.6340489266100848,0.5914509648949483,0.5654756816821951
0.5398083520643558,0.4062839475223531,0.3286064096009471,0.5411433804290948,0.7874166501617482,0.3743593411046748,0.5168106511088673,0.6071235054004263,0.6387899774590834,0.6380429355966051,0.595567410920108,0.5712454055902214
0.5373831775700935,0.4060332581265145,0.3293867556440546,0.5419937205651492,0.7851059615765498,0.3745500488688645,0.5169228467781144,0.6072318751580392,0.6385939694880925,0.637477117656848,0.5956332740565106,0.5722711342849817
0.5300485034898852,0.4032130024233308,0.3290907623173587,0.5462454212454213,0.7814088598402323,0.3728098405206322,0.5118740416619919,0.6009464292164868,0.6328444023390285,0.6324513230154767,0.5912863070539418,0.5675698777673306
0.5270909736188335,0.4041739784407119,0.3317008852891316,0.5463108320251178,0.7765894236482471,0.3745023719278171,0.5076106062305995,0.5961420366289781,0.6293489268563589,0.6289565651522716,0.5893104129618653,0.5647063851611249
0.5343664971016208,0.4069733433609091,0.3319699701315824,0.5420918367346939,0.7802865253845646,0.3762425802760495,0.5085455701409926,0.5966116389119677,0.6298062787886708,0.6290896987851556,0.5903312915761049,0.5690229934182409
0.5406364604282503,0.4094802373192947,0.3323466889110136,0.538396127681842,0.7833234303822538,0.3778397578011395,0.512135831556902,0.6005129501860348,0.632256378426056,0.6319187884839407,0.5929658170322071,0.5745362851525772
0.5398083520643558,0.4109008105623798,0.3345531846191104,0.5375130821559394,0.7801544860368389,0.3796276430904193,0.5119114402184076,0.5998988548928946,0.6308516546339552,0.6311865535030787,0.5922742540999802,0.5753055816736474
0.5328285815686739,0.4090415308765772,0.3353335306622178,0.5409144427001571,0.7752690301709909,0.3788886505041837,0.5054788885149033,0.5928186973955136,0.623893371663781,0.6258612081877184,0.5873674504379899,0.569279425591931
0.5263220158523602,0.4067853263140302,0.335387347630708,0.5444793301936159,0.7715719284346735,0.3776490500369496,0.4975503945547702,0.5852328143626052,0.6159550488386528,0.619537360625728,0.5814726997299611,0.5635951790751347
0.5288063409440436,0.4097518174981198,0.3380781960552163,0.5414704343275772,0.7697233775665148,0.3805096664997974,0.4958674595160627,0.5828486796951198,0.6131782692496163,0.618738558828424,0.581571494434565,0.5665014103769553
0.5357861114397255,0.415266984206568,0.3420337432392433,0.535223704866562,0.7687330824585726,0.385420391427686,0.4980739743445903,0.5845103493118521,0.6145503250465519,0.6205025794641371,0.5846011987090826,0.5713308829814514
0.5350763042706731,0.4175858611180747,0.3453165783171434,0.5335884353741497,0.7643097643097643,0.3882094924789626,0.4970642133213658,0.583137665715421,0.6122308973898273,0.6185388583790979,0.5831851412764276,0.5723993503718267
0.5266769194368863,0.4151416395086488,0.3459892904232705,0.5378401360544218,0.7587641117052881,0.3870890843643472,0.4902202774972886,0.5746487013690712,0.6032798667145798,0.6100515892827424,0.5760389909767504,0.5676980938541756
0.5183366852005205,0.4134077045207655,0.3475499825094852,0.5415031397174255,0.7522281639928698,0.3868030227180624,0.4827779647705599,0.5659429975074955,0.5942961680441672,0.601198202695956,0.5693538826318909,0.56509103342166
0.5238968413580977,0.4164577588368012,0.3489492236902295,0.5375784929356359,0.7536145771439888,0.3891630312999117,0.4799730730393807,0.5635227395874725,0.5897553167162132,0.5975037443834248,0.5661924520845683,0.5655611590734251
0.5306991600615166,0.4213253112726665,0.3521244248311492,0.5318877551020408,0.753548557470126,0.3933347636415648,0.4792251019110662,0.5615359606979012,0.5857371533109014,0.5957397237477117,0.5665546993347823,0.5700059834173862
0.5221814740328877,0.4218893624133032,0.3566988671528133,0.5337846677132392,0.7431834686736647,0.3956947722234142,0.4750364635925054,0.5557923635444135,0.5783868543987456,0.5909801963721085,0.5636896529012712,0.5683819129840157
0.5146693481604164,0.4218475808473301,0.3600893361676937,0.5359105180533753,0.7347989700930877,0.3971727573958855,0.4662478028348106,0.5452082505508796,0.5672797360425992,0.581261441171576,0.5568069551472041,0.5637233951619797
0.510233053353839,0.4227876660817247,0.3633183542771036,0.5364010989010989,0.728395061728395,0.3991275119788314,0.4573843449642844,0.5348408770725717,0.5540818659958838,0.5688134464969212,0.5476519791872488,0.5584665356013334
0.5084585354312079,0.426088409793599,0.368377149315179,0.5343079539508111,0.7211328976034858,0.4032515673794369,0.453532293653465,0.5287360473937074,0.5450981673254712,0.5612248294225328,0.5428110386616611,0.5592785708180187
0.5127173784455223,0.4310813069273836,0.3728708661841078,0.5292059131344846,0.7180299729319337,0.4080907768957544,0.4511387860428588,0.524654119856952,0.5377805364084807,0.5561657513729406,0.5398471975235462,0.5610308573382341
0.5105879569383651,0.4333584022729171,0.3767725963996448,0.5280285190999476,0.7120221826104178,0.411142101122792,0.4464639664908935,0.5176823321171838,0.5282741498154259,0.5484772840738892,0.5351050517025621,0.5592785708180187
0.4942623920501597,0.4313111055402356,0.3815353981110244,0.5341444270015698,0.6971017363174224,0.4120718014732175,0.4366655447099742,0.5061951378102085,0.5134428800104538,0.5349975037443834,0.5250938549693737,0.5528250277801522
0.4860404590086359,0.4300785493440294,0.3837418938191212,0.5373822605965464,0.6898395721925134,0.4123340246489785,0.4268297243726393,0.4931907668966514,0.4978929143118487,0.5209186220668995,0.5141605743265494,0.5452175399606805
0.4852715012421626,0.4328361326982535,0.387616715550413,0.5354199372056515,0.6846240179573512,0.4156237335812534,0.4213695351359438,0.4865079651771846,0.4870798079121884,0.5121983691129971,0.5078047816637029,0.5444055047439952
0.4925470247249497,0.4383095178407286,0.3913569948604795,0.529140502354788,0.6840958605664488,0.4204152661565233,0.4191630203074162,0.4825344073980421,0.480056188951684,0.5067731735729738,0.5060264769808338,0.5491922386528764
0.4899443984384242,0.4386228795855268,0.3929715039151845,0.5295983778126635,0.6806628375255825,0.4213211280364252,0.4157597516735854,0.4769714265072427,0.4703537943876384,0.4991179896821434,0.5005598366594217,0.547739123001966
0.4787057849284278,0.4368471630316704,0.3957699862766731,0.5341117216117217,0.6709579454677493,0.4215356742711388,0.4061857212311605,0.4661344507459452,0.4567965763941067,0.4867032784157097,0.4900875979714154,0.5392768612701941
0.4702472494972199,0.4361159856271412,0.398676102575142,0.5370225013082156,0.662705486234898,0.422393859209993,0.3992295897378362,0.4570675143589929,0.4440233902845382,0.4747212514561491,0.4801093328064282,0.5323531925805625
0.472140068614693,0.4383930809726749,0.4007480558620133,0.5347331240188383,0.6611870337360533,0.4246108369687001,0.3988182056172631,0.4554419679947983,0.4387638430629513,0.4692627725079047,0.4765527234406903,0.5317548508419523
0.4753342008754289,0.4390824768112308,0.4001829776928666,0.5332940868655155,0.6636957813428401,0.4247538677918425,0.4016604959048581,0.4591626630061771,0.4385351670967953,0.4694957563654518,0.4779029177369426,0.5360287204034534
0.4733822311605348,0.4376410127851591,0.3992142722600436,0.534962061747776,0.6637618010167029,0.4235142673246084,0.4009499233329594,0.4584401979554239,0.4371631112998596,0.4681644200366117,0.4764209971678851,0.5362424138815284
0.4683544303797469,0.4335673101027826,0.3962543389930845,0.5395408163265307,0.6645540371030566,0.4198669813344776,0.3991921911814204,0.4548278727016581,0.4321322400444284,0.4619404226992843,0.4701639992096424,0.5296606547568169
0.4623802200402224,0.4298487507311774,0.3941823857062132,0.5441195709052852,0.6638278206905658,0.4168394955779637,0.4003515464303078,0.4540692843983672,0.4287674365424194,0.4571808953236811,0.4655865112296647,0.5233780665014104
0.4671122678339052,0.4286997576669173,0.3905497403331271,0.543694400837258,0.6708919257938865,0.4145748408782093,0.4054003515464303,0.459379402521403,0.4329489399235569,0.4590780495922782,0.4666403214121056,0.5232925891101804
0.4771678693954809,0.4293891535054733,0.3868363695073056,0.5403911564625851,0.6810589555687594,0.4133114019404514,0.4164329256890684,0.4708304735758408,0.444186730260364,0.4678981527708437,0.4727985246657445,0.5277374134541414
0.4764580622264285,0.4254825770869892,0.3821542932486613,0.5436289900575616,0.6864065491516471,0.4090204772461798,0.4236882456337186,0.4803308889932449,0.4530724249452811,0.473689465801298,0.475927023644866,0.5271390717155313
0.4715485626404826,0.4197793933316621,0.3770416812420957,0.5494505494505495,0.6899716115402389,0.4034899520846742,0.4272411084932122,0.4859661163891197,0.4596060239783085,0.4775836245631552,0.4777382598959362,0.5236772373707155
0.4769312670057968,0.4152043118576084,0.3687000511261201,0.5515436944008373,0.7031755463128011,0.3971965958664092,0.431841130932346,0.4928656576238124,0.4677730227695927,0.4827758362456315,0.4792860436013963,0.5199162321565945
0.4829646279427422,0.4132614690398596,0.363452896698329,0.551380167451596,0.71301247771836,0.3937638561109919,0.4424623209544112,0.5053281797493047,0.4815915847244455,0.492727575303711,0.4844233682407956,0.5208137447645098
0.4946764462321069,0.4134494860867385,0.3583671931760084,0.5480115122972266,0.7257542747738825,0.3916183937638561,0.45689816373088,0.5224144781996172,0.5005390219202248,0.5082709269429189,0.4957518277020352,0.5288913582357467
0.5020111203123152,0.4120498036266399,0.3532545811694427,0.5470957613814756,0.7361193635703439,0.3885670695368186,0.4668087811810464,0.5351659863454106,0.5168076835124629,0.5224163754368446,0.5063557926628466,0.5335926147533977
0.5020111203123152,0.406012367343528,0.3454511207383688,0.5518053375196234,0.7456922162804515,0.3816539130849364,0.4712966079509331,0.5413430625293502,0.5260200581490314,0.528706939590614,0.5088915234143451,0.530045303017352
0.4975156749083165,0.4010821425587031,0.3411457632591556,0.5569073783359498,0.7484650425826896,0.3769338959212376,0.4749616664796739,0.5482787270165806,0.5365391525922054,0.5359627225827924,0.5133043535533162,0.5283784938883666
0.5053827043653142,0.4015417397844071,0.3381589215079515,0.5543563579277865,0.7565194427939526,0.3758850032181935,0.4834885373424586,0.5595853050608677,0.5515337623730032,0.5491096688300882,0.5230850293090957,0.5331652277972476
0.5185141369927837,0.4040277429598061,0.335387347630708,0.5487964416535845,0.7672806496335908,0.3760518725118597,0.4954560753954898,0.5736011270454792,0.5680637679265624,0.5635546679980029,0.5339853783837186,0.5402171125737243
0.5218857210457826,0.4036934904320214,0.333423028280817,0.5481096284667714,0.7715719284346735,0.3750029798088155,0.5020008227682412,0.5821984611494418,0.5805756100748097,0.5752038608753536,0.542448791411447,0.5452602786562954
0.5223589258251509,0.4011239241246762,0.3298980168447111,0.5500065410779698,0.7761272859312074,0.3719754940523016,0.5051423015071619,0.5873640862623271,0.5883832609192774,0.581527708437344,0.546235921754594,0.5456449269168305
0.5210576126818881,0.3968413136124342,0.324973764227861,0.5537349555206699,0.7814088598402323,0.3673508307706977,0.5048057144994204,0.5883755373333815,0.5924994283100846,0.583691129971709,0.5472568003688336,0.5415847508334045
0.5236010883709925,0.3975724910169633,0.3247315878696553,0.5524594453165882,0.7831253713606654,0.3676607308875063,0.5094057369385543,0.5947693530325471,0.6007317630916992,0.5909469129638875,0.553118619508661,0.5437216856141551
0.5359635632319887,0.400852343945851,0.3233592551731561,0.5464416535845108,0.7917079289628308,0.368924169825264,0.5180822020270018,0.6060036845717588,0.6125249093463134,0.6015976035946081,0.5627346374234341,0.551628344302932
0.5413462675973028,0.4007896715968914,0.3208298576541183,0.545002616431188,0.7978477586320722,0.3677799232401249,0.5215602677736639,0.6102301051186649,0.6194178563261573,0.6080878681977034,0.5690574985180794,0.5555175656038978
0.5370282739855673,0.3979067435447481,0.3190808061781879,0.548469387755102,0.797583679936621,0.3653483992467043,0.5212610793223382,0.6111331864321063,0.6218679559635426,0.6110833749375936,0.5707370084963446,0.5548337464740577
0.527800780787886,0.3942508565221024,0.3185695449775315,0.5538657770800628,0.7930943421139499,0.3630360676059024,0.5189049702681476,0.6097243795831377,0.6234686877266342,0.6124479946746547,0.5691892247908845,0.551628344302932
0.5303442564769904,0.3961310269908916,0.3198342437370502,0.5517072213500785,0.7929623027662243,0.3646570836015161,0.5215976663300798,0.6126864862912257,0.6285648949723956,0.6169745381927109,0.5715932292695778,0.5553038721258228
0.5390393942978825,0.3997869140135372,0.3206145897801577,0.5464416535845108,0.7967914438502673,0.3671124460654604,0.528292007928494,0.6197666437886067,0.6360131978700467,0.6242968880013313,0.5778172956596193,0.5605179929908539
0.541701171181829,0.3999122587114565,0.3195382504103544,0.5456240188383046,0.7996302898263682,0.3666833535960332,0.5307977112083474,0.6224397644763935,0.6414034170722943,0.6287235812947245,0.581209247184351,0.5613727669031542
0.5406364604282503,0.3979694158937076,0.3175201140919732,0.5474228152799582,0.8015448603683897,0.3646809220720399,0.5287033920490669,0.6208142181121988,0.6399333572898632,0.6269595606590114,0.5799249160245011,0.5592358321224036
0.5362001656216727,0.395650538982201,0.3165514086591502,0.5504644165358451,0.8002244668911335,0.3629407137238075,0.5256367104229778,0.6185384532023264,0.6376792656234688,0.6239973373273423,0.5771586642955937,0.5550047012565177
0.5349580030758311,0.3961936993398512,0.3178161074186691,0.5503663003663005,0.797979797979798,0.3638227371331856,0.5287033920490669,0.6204168623342846,0.640586717193166,0.6260609086370444,0.5792004215240729,0.556415078211813
0.5430024843250917,0.3993064260048466,0.3181659177138552,0.5457221350078493,0.8020069980854294,0.3657536532456077,0.5331164217061222,0.6255102409420945,0.6455522524582666,0.6313862539524047,0.5836132516630442,0.560988118642619
0.548740092274932,0.4006852176819587,0.3173317547022576,0.5430729984301413,0.8062322572126492,0.3661589072445112,0.5349115524140768,0.6282194848824189,0.6478390121198263,0.6345481777333998,0.5860172561417375,0.5636806564663647
0.539867502661777,0.3981365421576,0.31808519226112,0.5475209314495029,0.8004225259127219,0.3650384991298958,0.5321814577957291,0.624715529386266,0.6454542484727713,0.6325511732401398,0.5837449779358493,0.560988118642619
0.5369691233881463,0.3961936993398512,0.3169281274385814,0.5498103087388801,0.8002244668911335,0.3634174831342821,0.5279554209207525,0.6208142181121988,0.6428081408643952,0.6308537194208687,0.5812751103207534,0.5579109325583383
0.5422335265586183,0.3980111974596808,0.3168474019858461,0.5469322344322345,0.8032613718888227,0.3644186988962788,0.5278432252515054,0.6212115738901131,0.6439515206951749,0.6330837077716758,0.5831851412764276,0.5599623899478587
0.5466698213651958,0.4005180914180664,0.3180313752926298,0.5437598116169545,0.8042516669967649,0.3663734534792248,0.532069262126482,0.6251128851641803,0.6474796641730097,0.6374105508404061,0.5871369294605809,0.5640653047268998
0.5478528333136166,0.4016253029163533,0.3189193552727175,0.5425497121925693,0.8038555489535881,0.3673985077117452,0.5334904072702794,0.6272802803164397,0.6495377478684133,0.639840239640539,0.5890798919844563,0.5663304555944952
0.5415237193895658,0.3984707946853848,0.3177622904501789,0.5467687074829932,0.8017429193899781,0.3650861760709433,0.5319944650136506,0.6245710363761153,0.6466956322890465,0.63687801630887,0.5865112296647566,0.5632960082058296
0.536377617413936,0.3957132113311607,0.3165245001749052,0.5503663003663005,0.800356506238859,0.3629645521943312,0.5271326526796066,0.6197666437886067,0.6428408088595603,0.6328507239141288,0.5830204834354212,0.5582528421232584
0.5431799361173548,0.3985543578173309,0.3170895783440519,0.5462454212454213,0.8034594309104113,0.364847791365706,0.5274318411309324,0.6202362460715963,0.6432001568063769,0.6335829588949908,0.5843377461634722,0.5597914351653988
0.5479711345084586,0.4020640093590708,0.3194575249576191,0.5421899529042388,0.80319535221496,0.3678991155927436,0.5312464938853361,0.6251851316692555,0.6475123321681749,0.637943085371942,0.5889810972798525,0.564962817334815
0.550396309002721,0.4029832038104788,0.3195382504103544,0.5407836211407641,0.8045157456922162,0.3684474004147894,0.5324806462470549,0.6282556081349565,0.6498317598248996,0.6404726243967381,0.5917144174405585,0.5687665612445508
0.5378563823494618,0.3976351633659229,0.3183542771035708,0.5484366823652538,0.7989040734138773,0.3648716298362297,0.5279180223643367,0.6225120109814687,0.6452582405017805,0.6357463804293559,0.5871039978923797,0.5637233951619797
0.5339524429196735,0.3961519177738781,0.3182197346823454,0.5506933542647828,0.7969234831979929,0.3639657679563279,0.5246643479561689,0.6180688509193368,0.6419587729901016,0.6318522216674988,0.5842060198906671,0.5605607316864689
0.5417603217792499,0.3992228628729004,0.3186233619460216,0.5461145996860283,0.8008186439558987,0.3658966840687502,0.5263472829948764,0.6193692880106926,0.6432328248015419,0.6335496754867698,0.586675887505763,0.5625267116847594
0.5473796285342482,0.4026907328486672,0.3205338643274225,0.5418628990057561,0.8015448603683897,0.3687334620610741,0.5313212909981675,0.6233428457898349,0.6474469961778446,0.637809951739058,0.5910228545083317,0.5679545260278656
0.5450136046374068,0.4017088660482995,0.3203455049377069,0.5432692307692308,0.8004885455865848,0.3680659848864097,0.5319944650136506,0.6249322689014919,0.6477410081343309,0.6390081544350141,0.5925706382137917,0.5697922899393111
0.5417603217792499,0.3995780061836717,0.3190808061781879,0.5458529565672423,0.8002244668911335,0.3663019380676536,0.528292007928494,0.621428313405339,0.6444742086178172,0.6355466799800299,0.589870249621287,0.5647063851611249
0.5347214006861469,0.3966324057825687,0.3184888195247962,0.5501046572475145,0.7969895028718558,0.3643471834847076,0.5235423912636973,0.6160098255246902,0.6396720133285421,0.6308870028290896,0.5853915563459132,0.5597486964697839
0.5414054181947239,0.3982618868555193,0.3175470225762183,0.5469649398220828,0.8018749587377038,0.3648716298362297,0.5238789782714387,0.6175631253838095,0.6399660252850282,0.6310534198701946,0.5862477771191464,0.5615864603812292
0.5480894357033007,0.4009150162948107,0.3179237413556495,0.5430729984301413,0.8051759424308442,0.3665403227728909,0.5285163992669883,0.622909366759383,0.6441475286661658,0.6342153436511898,0.5900349074622934,0.5673134455936406
0.5508695137820891,0.4018342107462187,0.3178430159029142,0.5415685504971219,0.8068264342774146,0.3670409306538892,0.5297131530722915,0.6234512155474479,0.6454869164679364,0.6341820602429689,0.5915826911677534,0.5691084708094709
0.5440080444812493,0.3990557366090081,0.3174124801549929,0.5456240188383046,0.803525450584274,0.3652768838351331,0.5265716743333708,0.6199472600512951,0.6425467969030741,0.6300216342153436,0.5877626292564051,0.5645781690742798
0.5377380811546196,0.3959847915099858,0.3162823238166994,0.549777603349032,0.8014128210206641,0.3630122291353787,0.5227196230225514,0.6162265650399162,0.6380386135702852,0.6255616575137294,0.5834485938220378,0.5590221386443286
0.5393351472849877,0.3973009108381382,0.3172510292495224,0.5483058608058609,0.8010827226513499,0.3641803141910415,0.5233927970380343,0.615829209262002,0.6386593054784229,0.6270261274754535,0.5853915563459132,0.5601333447303188
0.5467289719626168,0.400810562379878,0.3184080940720609,0.5435308738880168,0.8037895292797254,0.366707192066557,0.5278432252515054,0.6195860275259185,0.6426121328934044,0.6321517723414877,0.5905618125535138,0.5656893751602702
0.5489766946646162,0.4016670844823264,0.3184888195247962,0.5422226582940869,0.8049778834092558,0.3672316384180791,0.5299749429672015,0.622909366759383,0.6445068766129822,0.63488101181561,0.5924389119409866,0.569493119070006
0.5414054181947239,0.3989512826940753,0.318435002556306,0.5464416535845108,0.8008186439558987,0.3656582993635129,0.5256367104229778,0.6185023299497886,0.6406193851883311,0.6316525212181727,0.5890798919844563,0.5653474655953501
0.5356678102448835,0.3965906242165956,0.3180044668083847,0.5498757195185767,0.7981778570013863,0.364132637249994,0.5214854706608326,0.614239786150345,0.6361112018555422,0.6271259777001165,0.5851610353685043,0.5597914351653988
0.5384478883236721,0.3973844739700844,0.3177622904501789,0.5485020931449504,0.8000264078695452,0.3644663758373263,0.5221212461198999,0.6146010186757216,0.6370912417104964,0.6268597104343484,0.5853586247777118,0.5599623899478587
0.5495682006388265,0.4003300743711874,0.3164975916906601,0.5431057038199897,0.807750709711494,0.3655867839519416,0.5259358988743035,0.6189358089802406,0.6410767371206431,0.6306207355633215,0.5885859184614372,0.56543294298658
0.5521116763279309,0.4004136375031336,0.3154481608051018,0.5423534798534799,0.8104575163398692,0.3651815299530382,0.5297505516287072,0.6222230249611675,0.6433634967822025,0.6333499750374438,0.5910228545083317,0.5684673903752457
0.5425292795457235,0.397217347706192,0.3156903371633076,0.5474882260596547,0.8048458440615304,0.3634651600753296,0.5268708627846965,0.6196221507784562,0.6408153931593219,0.6297886503577966,0.5880590133702167,0.5643644755962048
0.5372057257778304,0.3952953956714298,0.3156365201948174,0.5504644165358451,0.8019409784115666,0.3623447519607142,0.5231310071431243,0.6153234837264747,0.6366665577733495,0.6260276252288234,0.5836132516630442,0.5597914351653988
0.5415237193895658,0.3967786412634745,0.3156096117105724,0.5481096284667714,0.8043176866706278,0.3631790984290448,0.523579789820113,0.614456525665571,0.6362745418313679,0.6270926942918954,0.5844036092998749,0.5604752542952389
0.5547734532118774,0.4020849001420573,0.3164168662379248,0.5402930402930403,0.8107215950353205,0.3665403227728909,0.5274318411309324,0.6190441787378536,0.6402600372415146,0.6308537194208687,0.588684713166041,0.5644926916830499
0.5508103631846681,0.4011657056906492,0.3170088528913166,0.5421245421245422,0.8078167293853569,0.3662780995971298,0.528815587718314,0.6206336018495107,0.6418934369997713,0.6315193875852886,0.5895738655074755,0.5658175912471152
0.5407547616230924,0.3977396172808556,0.3171703037967872,0.5475536368393511,0.8020069980854294,0.3644186988962788,0.5247391450690003,0.6170573998482823,0.6383326255267715,0.6275253785987684,0.5857867351643286,0.560817163860159
0.5348988524784101,0.3959221191610261,0.3174932056077281,0.5505952380952382,0.7983759160229748,0.363512837016377,0.5223830360148098,0.6134089513419788,0.6346738100682762,0.6237643534697953,0.5821642626621879,0.5573980682109583
0.5382112859339879,0.3968204228294475,0.317143395312542,0.548992673992674,0.8006205849343103,0.363870414074233,0.5233553984816187,0.6141314163927319,0.6356211819280652,0.6249958395739723,0.5833168675492326,0.5597486964697839
0.5457825624038803,0.399013955043035,0.3165514086591502,0.5451661433804291,0.8055720604740212,0.3648716298362297,0.5272448483488538,0.6188635624751654,0.639639345333377,0.6291895490098186,0.5869393400513733,0.5646209077698949
0.5478528333136166,0.3999749310604161,0.3168204935016011,0.5438579277864993,0.8063642965603749,0.3655391070108942,0.5290025805003927,0.6207058483545859,0.6422201169514227,0.6316192378099518,0.588684713166041,0.5688520386357808
0.5416420205844079,0.3970293306593131,0.3158786965530232,0.5478806907378336,0.8040536079751764,0.3634413216048058,0.5242903623920117,0.6163710580500669,0.6385286334977622,0.6265268763521384,0.5840742936178621,0.5621420634242243
0.5414645687921448,0.3948566892287123,0.3131340311600248,0.5496140763997908,0.8073545916683171,0.3609859591408615,0.5200643255170351,0.6113138026947946,0.6336284342229918,0.6216009319354301,0.5795297372060858,0.556586032994273
0.5441854962735124,0.396110136207905,0.3135107499394559,0.5479133961276819,0.808410906450122,0.3618679825502396,0.5225700287968885,0.6134811978470542,0.634412466106955,0.6236645032451323,0.5820654679575841,0.5590648773399436
0.5454868094167752,0.3992646444388735,0.3169819444070716,0.5450680272108844,0.8048458440615304,0.3652053684235619,0.5275066382437639,0.618682946212477,0.6390513214204044,0.6291895490098186,0.5872027925969835,0.5652192495085051
0.545309357624512,0.3994526614857525,0.3173048462180125,0.5449699110413396,0.8043837063444906,0.3654437531287992,0.5291147761696399,0.6196221507784562,0.641109405115808,0.6307205857879847,0.5880590133702167,0.5682964355927858
0.5390393942978825,0.3964026071697167,0.3162285068482093,0.5490907901622188,0.8022050571070177,0.3632267753700923,0.5270204570103595,0.6165516743127551,0.6381366175557805,0.6278582126809784,0.5846011987090826,0.5639798273356698
0.5296935999053591,0.3933525528536809,0.3165514086591502,0.5540620094191523,0.7965933848286789,0.3616295978450022,0.5221586446763156,0.6129032258064516,0.6338897781843129,0.6233316691629223,0.5804847526839229,0.5574835456021883
0.5428841831302497,0.3978649619787749,0.3163630492694347,0.5468668236525379,0.8041856473229021,0.3641087987794703,0.5236545869329444,0.6146010186757216,0.635817189899056,0.6253286736561823,0.582757030889811,0.5594922642960938
0.5517567727434047,0.4050722821091334,0.3216102036972257,0.5387885923600211,0.8027332144979203,0.3705690242914015,0.5266464714462022,0.6181772206769498,0.6428408088595603,0.6332834082210017,0.5900349074622934,0.5686383451577058
0.5529397846918254,0.4082476811230885,0.3251352151333315,0.5359759288330717,0.7990361127616029,0.3739302486352475,0.5265342757769551,0.618141097424412,0.6460422723857437,0.6376435346979531,0.5936244483962326,0.5722283955893667
0.5448361528451438,0.4088117322637252,0.3295751150337702,0.5377747252747253,0.7890671420083184,0.3762187418055258,0.5221586446763156,0.6122891305133115,0.6442455326516613,0.636511898818439,0.5933939274188237,0.5706470638516112
0.5445995504554597,0.4091668755744965,0.3301401932029169,0.5375784929356359,0.7882088862481019,0.3766716727454767,0.517783013575676,0.6096160098255247,0.6434288327725328,0.6356132467964719,0.5931304748732135,0.569493119070006
0.548680941677511,0.4098144898470794,0.3290907623173587,0.5359432234432235,0.7917739486366937,0.3765763188633818,0.5165862597703729,0.611060939927031,0.644670216588808,0.6359460808786819,0.5944806691694657,0.5701341995042312
0.5629362356559802,0.4153296565555276,0.3297365659392406,0.5276687598116171,0.7989700930877401,0.380009058618799,0.518194397696249,0.6140591698876567,0.6490150599457711,0.6415376934598103,0.6004412830138971,0.5779126421061629
0.5695611025671359,0.4201554274254198,0.3329386755644055,0.5220761381475668,0.7987720340661516,0.384180790960452,0.5156886944163955,0.6129032258064516,0.6519551795106335,0.6456981194874355,0.6047882500164657,0.5820155568852039
0.5651248077605584,0.4212208573577338,0.3363560530635309,0.5224358974358975,0.7921040470060078,0.386302414837064,0.5030853809042971,0.6017050175197776,0.6482963640521382,0.6439673822599434,0.6041625502206416,0.582656637319429
0.5658346149296108,0.4225369766858862,0.3377014772757851,0.5212257980115123,0.7907836535287515,0.387637369186393,0.4887991323534911,0.5888812628689087,0.6399986932801934,0.639074721251456,0.6010011196733189,0.582400205145739
0.5760085176860286,0.4255661402189354,0.3369749482011679,0.5160583464154893,0.7973856209150325,0.3890676774178169,0.4858072478402334,0.5866054979590363,0.6363725458168633,0.6385754701281411,0.6010669828097214,0.5843661851440295
0.5936945463149178,0.4269449318960475,0.3307052713720637,0.5100732600732601,0.8149468541625403,0.3870652458938234,0.4915666255282547,0.5945526135173211,0.6385939694880925,0.6406390414378432,0.6033063294474083,0.591503547311736
0.6053472140068614,0.4254199047380296,0.3234399806258913,0.5080455259026688,0.8303954578464381,0.3829650289637417,0.4962414450802199,0.6004045804284218,0.64035804122701,0.6403394907638541,0.6040308239478364,0.5935122660056416
0.6040459008635988,0.4191735606250522,0.3159863304900035,0.5132783882783882,0.8387799564270152,0.3761233879234308,0.4997943079397136,0.6030054546111332,0.6397373493188723,0.637011149941754,0.6003754198774945,0.5896657834002906
0.5929847391458654,0.4138464109634829,0.3141565535613379,0.5205389848246991,0.8348187759952466,0.3722615556985864,0.4997569093832978,0.6017050175197776,0.6362418738362027,0.6329505741387917,0.5947770532832773,0.5828275921018891
0.5829882881817107,0.4119662404946937,0.3163092323009445,0.524757980115123,0.8266323364362579,0.3721423633459677,0.5022252141067355,0.6009825524690243,0.6318970304792395,0.6306540189715426,0.5916814858723572,0.5806906573211386
0.5844079025198154,0.413658393916604,0.3178161074186691,0.5230572998430142,0.8255760216544529,0.3737872178121051,0.508358577358914,0.6046671242278655,0.6334650942471661,0.6330504243634547,0.5938549693736416,0.582913069493119
0.5697385543593991,0.4111723907412049,0.3213142103705299,0.5290423861852434,0.8130983032943816,0.3739064101647238,0.5180074049141703,0.611060939927031,0.639181993401065,0.636112497919787,0.5962919054205361,0.5833404564492692
0.5464332189755117,0.4027742959806133,0.3210720340123241,0.5420591313448457,0.800356506238859,0.3690195237073589,0.5235423912636973,0.6129032258064516,0.6388879814445788,0.6326843068730237,0.5916814858723572,0.5754337977604924
0.5372057257778304,0.3963399348207571,0.3169819444070716,0.549646781789639,0.8002904865649962,0.363512837016377,0.5236919854893602,0.6118556514828596,0.6347391460586064,0.6269595606590114,0.5840084304814596,0.5625694503803744
0.5334792381403053,0.3926422662321384,0.3139143772031322,0.5535714285714286,0.8019409784115666,0.360056258790436,0.5272822469052695,0.6139869233825814,0.6321583744405606,0.6225328673656182,0.5778831587960219,0.5540644499529874
0.5361410150242518,0.3941672933901562,0.3146678147619944,0.551641810570382,0.8025351554763319,0.3612481823166226,0.5321440592393134,0.6179966044142615,0.6339551141746431,0.6239640539191212,0.5783112691826384,0.556201384733738
0.5374423281675145,0.3935614606835464,0.3132954820654952,0.551772632129775,0.8049118637353931,0.360318481966197,0.5332660159317851,0.6188635624751654,0.6333017542713404,0.6236645032451323,0.5783771323190411,0.5552183947345927
0.5288654915414646,0.3889654884265062,0.3112773457471141,0.5577250130821559,0.8026011751501947,0.3567903883286848,0.5290399790568084,0.6138785536249683,0.6281728790304139,0.6174737893160259,0.5737667127708622,0.5502179673476366
0.5251390039039394,0.3872942257875825,0.3108199015149477,0.5600798011512298,0.8010827226513499,0.355622303273022,0.5257489060922249,0.6106997074016545,0.6242527196105976,0.6133133632884007,0.5706382137917407,0.5476536456107359
0.52975275050278,0.3878373861452326,0.3094206603342034,0.5583464154892727,0.8053740014524328,0.3553362416267372,0.525861101761472,0.6124336235234621,0.6249387475090654,0.6138126144117158,0.5705723506553382,0.5485084195230362
0.5363184668165148,0.3921826690064343,0.3120307833059764,0.5531462585034014,0.8058361391694725,0.3589596891463444,0.530573319869853,0.6181772206769498,0.6297082748031754,0.618472291562656,0.5752157017717183,0.5536370629968373
0.5348397018809891,0.3938330408623715,0.314829265667465,0.5522632129774988,0.8015448603683897,0.3611528284345277,0.5334904072702794,0.6207419716071235,0.632256378426056,0.6203028790148111,0.5771915958637951,0.5552611334302078
0.5293386963208329,0.3902816077546586,0.3127573123805936,0.5565476190476191,0.8010827226513499,0.358196858089585,0.5304237256441902,0.615829209262002,0.6295776028225148,0.6168746879680478,0.5741618915892774,0.5514146508248569
0.5219448716432036,0.387085317957717,0.3120038748217313,0.5611263736263737,0.7978477586320722,0.3560275572719254,0.5240659710535174,0.6101217353610519,0.6249387475090654,0.6111166583458145,0.5701442402687217,0.5457731430036755
0.5237193895658346,0.388652126681708,0.31321475661276,0.5593929879644166,0.7973196012411697,0.3574817039738731,0.5257115075358092,0.6128309793013763,0.6276175231126065,0.6131802296555167,0.5720213396561944,0.5468416103940509
0.5308766118537798,0.3920155427425419,0.3143180044668084,0.5547815279958137,0.8000264078695452,0.3598655510262462,0.5386140094992334,0.6259075967200087,0.6402927052366796,0.6225661507738391,0.5767634854771785,0.5483802034361912
0.5289246421388856,0.3940419486922369,0.317789198934424,0.5537349555206699,0.7946788142866573,0.3625592981954277,0.5536482291783538,0.6410793627858252,0.6532945673124041,0.6324180396072557,0.5802871632747152,0.5459013590905206
0.5213533656689933,0.3971128937912592,0.3251890321018217,0.5534079016221874,0.7813428401663696,0.3676130539464588,0.5429148434870414,0.6290864429433226,0.6461402763712392,0.6357463804293559,0.5878614239610089,0.5527822890845372
0.5217674198509406,0.4062839475223531,0.3368134972956973,0.5461145996860283,0.7673466693074535,0.3779827886242819,0.5061520625303864,0.5884839070909945,0.6263434713011663,0.6425361957064403,0.6126918263847724,0.5803060090606035
0.5296935999053591,0.4190273251441463,0.3496219357963566,0.5339809000523287,0.75599128540305,0.3909270781186679,0.4703616440405401,0.5448108947729654,0.6048479304825063,0.6515227159261108,0.6450635579266285,0.6223608855457732
0.5553649591860879,0.4269449318960475,0.3481150606786319,0.5206698063840921,0.7721661054994388,0.3947650718729886,0.4502038221324657,0.5215113968861756,0.5825030217895528,0.6477949742053586,0.6658104458934334,0.6632190785537226
0.5936945463149178,0.4266106793682627,0.3302747356241423,0.5103349031920461,0.8154750115534428,0.3866838303654437,0.4404427989079622,0.5170682368240437,0.5549312338701775,0.619470793809286,0.651649871566884,0.682579707667322
0.6103158641902283,0.4279267986964151,0.3244086860587143,0.5047095761381476,0.8319799300191456,0.3848482681351164,0.4307939713527058,0.5129863092872883,0.5260527261441965,0.5808287568647029,0.6126588948165712,0.6771946320198307
0.6146338578019638,0.4438664661151499,0.3429755401878212,0.4910387231815803,0.811579850795537,0.4021549977353453,0.3949661543064438,0.4755264964057364,0.4754500016333998,0.5430853719420867,0.5824606467759995,0.6827079237541671
0.6282976458062227,0.4741789922286287,0.3758038909668219,0.4635334903192046,0.7789661319073083,0.4340031943550502,0.336886196192827,0.4090235884839071,0.4238345692724838,0.5329672158429023,0.5947441217150761,0.7234806393708864
0.6456879214480066,0.494568396423498,0.3941823857062132,0.4427655677655678,0.7660922955040601,0.4537652864192233,0.2783574554022215,0.3313224722754037,0.3280846754434681,0.4664669662173406,0.5536125930316801,0.7367723737071544
0.573169289009819,0.4536015709868806,0.3744046497860776,0.4948979591836735,0.7499174754076714,0.4216310281532337,0.3082015034219679,0.3333453744175125,0.2253764986442782,0.3175902812447994,0.4068365935585852,0.6379605094452517
0.4722583698095351,0.4011239241246762,0.352689503000296,0.5638736263736264,0.7202086221694064,0.3820591670838399,0.3924604510265904,0.4054835097352166,0.2158374440560583,0.2425361957064403,0.3126523085029309,0.5330797504060176
0.4067786584644505,0.3763474555026322,0.3505906412291796,0.6013540031397174,0.6862084901300587,0.3669932537128418,0.4704738397097872,0.4858938698840444,0.2921172127666525,0.2924945914461641,0.3351445695844036,0.4896999743567826
0.3688039749201467,0.3569399181081306,0.3428409977665959,0.6270277341705914,0.674589027530204,0.3524994636344132,0.559407606866375,0.5785861358956761,0.3804841396883474,0.3608587119321018,0.3691958111045248,0.4484998717839131
0.3740092274931977,0.3461184925210996,0.3265344563140758,0.6340920983778128,0.6974318346867366,0.3391022432000763,0.6238079210142489,0.6488458620814218,0.4415406226519878,0.4100848726909635,0.399690443258908,0.4375160270108556
0.3856618951851414,0.3442174312693239,0.318757904367247,0.6323260073260074,0.7134746154353997,0.3345729338005673,0.6338681326900781,0.6666907488350251,0.4694717585181798,0.4424030620735563,0.4261674240927353,0.4429438413539619
0.404176032177925,0.3420656806217096,0.3075908834055378,0.6288919413919414,0.7375717963953258,0.3283987699349209,0.6278095665507312,0.6694722392804249,0.4953448106889681,0.4704942586120818,0.4500098794704604,0.4531156509103342
0.4219803620016563,0.3404153087657725,0.2973656593924064,0.625261643118786,0.7600184855086816,0.3229159217144628,0.6161038183926102,0.664378860672615,0.5156316356865179,0.492561158262606,0.4686162155041823,0.4625609026412514
0.4391931858511771,0.3434653630818082,0.2934639291768695,0.6181318681318682,0.7744107744107743,0.3229397601849865,0.6045850630165676,0.6578405519632988,0.5317696252980955,0.5108337493759361,0.4849502733320161,0.473972134370459
0.4654560511061162,0.353054232472633,0.2938675564405457,0.6033817373103088,0.7885389846174159,0.3285894776991108,0.6018175698418042,0.6617057399848283,0.5547025579040215,0.5342985521717424,0.5058947507080287,0.4925207282673733
0.4855081036318466,0.3632489345700677,0.297876920593063,0.5898417059131346,0.794810853634383,0.3361939497961811,0.599012678110625,0.6656792977639707,0.5781255104374246,0.5574970877017806,0.5266087071066324,0.5105137191212925
0.4926653259197918,0.3710203058410629,0.3046040416543336,0.5817961800104657,0.790585594507163,0.3435838756585377,0.5922061408429635,0.6645594769353033,0.5961255757734149,0.5762689299384256,0.5415596390700126,0.5217539960680401
0.49828463267479,0.377600902481825,0.3105508166724969,0.5750915750915752,0.786426355053806,0.3499725857588977,0.5778450951793261,0.6544449662247589,0.605729966351965,0.5880845398568814,0.5504840940525588,0.5275664586716814
0.5076304270673134,0.3862287958552686,0.3174124801549929,0.5657378335949765,0.783257410708391,0.3579346349138239,0.5528254609372079,0.6347216703391974,0.6142889810852309,0.5996005991013479,0.5606270170585523,0.5385075647491239
0.5169170708624157,0.3943970920030082,0.3237090654683422,0.5567765567765568,0.7806826434277413,0.3653960761877518,0.5338269942780209,0.618466206697251,0.6230766717846525,0.6120818771842236,0.5729104919976289,0.5509445251730918
0.5200520525257305,0.3991810813069273,0.3284449586954767,0.552165096807954,0.7765894236482471,0.3702114472335455,0.529226971838887,0.6151428674637864,0.6284015549965699,0.619237809951739,0.5798919844562997,0.5577399777758782
0.5162072636933633,0.3986170301662906,0.3294674810967898,0.5536695447409733,0.7732224202812438,0.3703544780566879,0.5241781667227645,0.6105913376440415,0.6278135310835975,0.61893825927775,0.5791345583876705,0.556457816907428
0.5105879569383651,0.3964861703016629,0.3293060301913194,0.5568746729461016,0.77031755463128,0.3690672006484064,0.5182317962526647,0.6030054546111332,0.6239260396589462,0.6158761857214178,0.5770598695909899,0.5526968116933071
0.5170353720572578,0.3984081223364251,0.3288216774749078,0.5536041339612768,0.7744767940846371,0.3699492240577844,0.5172220352294402,0.6016327710147021,0.6248734115187351,0.6169745381927109,0.5784100638872423,0.5538080177792974
0.522595528214835,0.4014581766524608,0.3302209186556522,0.5496794871794872,0.7758632072357561,0.3723092326396338,0.5201391226298665,0.6059675613192212,0.6305576426774689,0.6222333166916292,0.583942567345057,0.5590648773399436
0.5215308174612563,0.4032547839893039,0.3330194010171407,0.5485675039246468,0.7718360071301248,0.3745738873393883,0.5196155428400464,0.6071596286529639,0.6330404103100192,0.6253619570644033,0.5875321082789962,0.5621420634242243
0.5171536732520998,0.4013955043035012,0.3326157737534644,0.5512493458922031,0.7698554169142404,0.3733342868721543,0.51669845543962,0.6045948777227902,0.63081898663879,0.6231985355300382,0.5867417506421656,0.5619283699461493
0.5163847154856265,0.3995780061836717,0.3306245459193284,0.5528846153846154,0.7719020268039875,0.3714272092302558,0.5114252589850032,0.599212513094679,0.6266701512528177,0.618971542685971,0.5824277152077982,0.5575262842978033
0.5219448716432036,0.401729756831286,0.330839813793289,0.549646781789639,0.7747408727800884,0.372738325109061,0.5107894835259359,0.5985984178015388,0.6273561791512856,0.6196372108503911,0.5831522097082263,0.5585520129925635
0.5264994676446232,0.4041530876577254,0.3319161531630923,0.5465070643642074,0.775929226909619,0.374597725809912,0.5140805564905195,0.6020301267926165,0.6311129985952763,0.6239973373273423,0.5868076137785682,0.5631250534233696
0.5305808588666746,0.4069942341438957,0.3337190216075129,0.5431384092098378,0.7760612662573446,0.3770054113328089,0.5168106511088673,0.6034750568941227,0.6334324262520009,0.6279247794974205,0.5906606072581176,0.5676126164629456
0.5254347568910446,0.4055945516837971,0.3342571912924145,0.5456567242281528,0.7724962038687528,0.3764571265107631,0.515090317513744,0.6006935664487231,0.6307209826532946,0.6266600099850225,0.5897385233484819,0.5650055560304299
0.5185141369927837,0.4034845826021558,0.3346877270403358,0.5492216117216118,0.7680728857199444,0.3754559107487664,0.5094805340513856,0.5949499692952354,0.6257554473881939,0.6218339157929771,0.5854244879141145,0.5597059577741688
0.519046492369573,0.4047171387983622,0.3360062427683449,0.5481096284667714,0.7668185119165511,0.3767193496865241,0.5079845917947567,0.5943719972546329,0.6253960994413773,0.6210683974038941,0.5847329249818877,0.560774425164544
0.5272684254110966,0.4071822511907746,0.3354680730834433,0.5439233385661957,0.7720340661517131,0.3779112732127107,0.5108268820823517,0.5978037062457104,0.6283362190062396,0.6243301714095523,0.5875979714153988,0.5665014103769553
0.5341890453093576,0.409605582017214,0.3354411645991981,0.5400968079539509,0.775929226909619,0.3792700660325633,0.5131829911365422,0.6011992919842504,0.6317990264937441,0.6277250790480944,0.5912533754857406,0.5722711342849817
0.5249615521116764,0.4067435447480572,0.3359524257998547,0.5449045002616432,0.7701194956096916,0.3778635962716632,0.509031751374397,0.597731459740635,0.6285648949723956,0.6237310700615742,0.5878614239610089,0.5688520386357808
0.5198746007334675,0.4055318793348374,0.336705863358717,0.5472592883307169,0.7664223938733742,0.3775060192138073,0.5054788885149033,0.5934327926886538,0.6241873836202673,0.619171243135297,0.5838108410722519,0.5635097016839046
0.5209984620844671,0.4073075958886939,0.3384818233188925,0.5455586080586081,0.7648379217006668,0.3793177429736108,0.5028235910093871,0.591698876566846,0.6232073437653132,0.6199700449326011,0.5846011987090826,0.5632960082058296
0.5283922867620963,0.4108799197793933,0.3396927051099211,0.5406855049712194,0.7674787086551792,0.3818922977901737,0.5067878379894536,0.5946248600223965,0.6267028192479828,0.6232651023464802,0.5894092076664691,0.5684246516796307
0.5299302022950433,0.4128854349461018,0.3415762990070769,0.5386904761904762,0.7660262758301972,0.3838470523731198,0.5085829686974083,0.5961059133764404,0.6273888471464506,0.6245964386753202,0.59201080155437,0.5719292247200616
0.5270909736188335,0.4124676192863708,0.3423835535344294,0.5398024594453167,0.7634515085495477,0.3839900831962621,0.5033471707992072,0.5918794928295344,0.6232400117604783,0.6205025794641371,0.5887505763024435,0.5687665612445508
0.5232461847864665,0.4109217013453664,0.3421413771762236,0.5420918367346939,0.761602957681389,0.3829888674342654,0.4963910393058828,0.5850521980999169,0.617196432654928,0.6144117157596938,0.5836461832312454,0.5641080434225147
0.5194013959540992,0.4115275340519763,0.3446438662110163,0.5426805337519623,0.7563874034462268,0.384443014136213,0.4949324956056696,0.5833182819781093,0.6144523210610565,0.6121817274088867,0.582757030889811,0.5644072142918198
0.5245474979297291,0.4152460934235815,0.3470925382773188,0.5383307169021456,0.7562553640985014,0.387637369186393,0.4974008003291074,0.5862803886861974,0.6170004246839372,0.6147778332501248,0.5868405453467694,0.5703906316779213
0.5272092748136756,0.416374195704855,0.3473347146355246,0.5367281527995814,0.7574437182280318,0.3884002002431524,0.4976999887804331,0.5863165119387349,0.617163764659763,0.6152438009652188,0.5879272870974116,0.573724249935892
0.5208801608896251,0.4155385643853931,0.3491375830799451,0.5391483516483516,0.7517000066019673,0.3887101003599609,0.492314596656569,0.5802478055124084,0.6115122014961942,0.6099517390580794,0.583942567345057,0.5695785964612361
0.5128356796403644,0.4142851174062004,0.3511826278825714,0.5423207744636316,0.7447019211725092,0.3889008081241508,0.4848348853734246,0.5715059783982951,0.6034758746855705,0.6026959560659011,0.5766317592043734,0.5636379177707497
0.5171536732520998,0.4168755744965321,0.3525549605790706,0.5391156462585035,0.7454281375850003,0.3909985935302391,0.4816560080780883,0.5672434345988514,0.5994250432850936,0.600199700449326,0.5741618915892774,0.5627831438584494
0.5223589258251509,0.4211999665747472,0.3557570702042354,0.5342752485609629,0.7444378424770581,0.3948842642256073,0.4830771532218857,0.5686161181952823,0.5998497272222404,0.601431186553503,0.5762036488177568,0.5682536968971706
0.5220631728380457,0.4241037854098771,0.3596318919355273,0.5320839874411304,0.7394863669373473,0.3982454885694533,0.482890160439807,0.567062818336163,0.5979549835026625,0.5995673156931269,0.5762365803859579,0.5712454055902214
0.5118892700816278,0.42245341355394,0.3621343809703199,0.5362048665620094,0.7307717699874562,0.3984123578631194,0.4750364635925054,0.5578152656865225,0.5885792688902682,0.5917124313529705,0.5710992557465586,0.5674416616804856
0.5049686501833669,0.4219520347622629,0.3646368700051126,0.538526949241235,0.7237736845579983,0.39924670433145,0.4675941508657766,0.5486399595419572,0.5790075463068831,0.5835579963388251,0.5655338207205427,0.5629968373365245
0.5064474151188927,0.4252527784741371,0.3681887899254635,0.5355180533751962,0.7202746418432693,0.4027032825573912,0.462283555854744,0.5414514322869631,0.5716245793995622,0.5784323514727907,0.5614832378317856,0.5623557569022993
0.5114752158996806,0.4302665663909083,0.3723865134676963,0.530187074829932,0.7179639532580708,0.4074232997210899,0.4613859905007667,0.5394646533973919,0.5678677599555716,0.5759693792644367,0.5612856484225779,0.5662877168988802
0.5108245593280493,0.4332330575749979,0.3764766030729489,0.528061224489796,0.7125503400013203,0.4109275548880783,0.4588428886644976,0.5351659863454106,0.5609094769853975,0.5709435846230654,0.5577949021932425,0.5673989229848705
0.5023660238968414,0.4330659313111055,0.380109248446035,0.5305468341182628,0.7033736053343896,0.4124293785310735,0.4506900033658701,0.5254488314127804,0.5493776746921042,0.5611915460143119,0.5499242573931371,0.5637233951619797
0.489530344256477,0.4318542658978858,0.3843876974410032,0.5350274725274726,0.6909619066481811,0.4136451405277837,0.4399566176745578,0.5121193512263844,0.5347750808532882,0.5493093692794142,0.5404728973193703,0.5560731686468929
0.4865136637880043,0.4332330575749979,0.387589807066168,0.5347658294086866,0.6853502343698421,0.4158621182864908,0.4327012977299077,0.5032330311021205,0.5229819345986738,0.5403894158761857,0.5332608838832905,0.552141208650312
0.4918963681533183,0.4379543745299574,0.391195543955009,0.5295983778126635,0.6839638212187231,0.4201292045102386,0.4330378847376491,0.5001625546364195,0.5166116755414721,0.5360292893992344,0.5315484423368242,0.5553038721258228
0.4902401514255294,0.4408999749310603,0.3957430777924279,0.5277668759811618,0.6774278735063048,0.4238241674414169,0.4292980290960769,0.4941660947151681,0.5086406847211787,0.5309702113496421,0.5283211486530989,0.5580391486451833
0.4801253992665326,0.4378081390490515,0.3963619729300648,0.5329670329670331,0.6710239651416121,0.4223461822689456,0.4208085567897079,0.4838709677419355,0.4981215902780047,0.5223498086204027,0.5209115458078114,0.5550047012565177
0.4723766710043771,0.4360742040611682,0.3976535801738288,0.5364665096807955,0.6650821944939591,0.4219170897995185,0.4151613747709338,0.4772242892750064,0.4901505994577113,0.5145947745049092,0.5140617796219457,0.5473544747414308
0.4704838518869041,0.4392287122921366,0.4025778327906789,0.5345368916797488,0.6580180893906384,0.4259219528475053,0.4098133812034856,0.4709027200809161,0.4809382248211427,0.5064403394907638,0.5081340973457156,0.542952389093085
0.4753933514728499,0.4436784490682711,0.4060759357425396,0.5296637885923601,0.6564336172179308,0.4299983313070634,0.408280040390441,0.4670736553119243,0.4737839338799778,0.5015809618904975,0.5061911348218402,0.5464997008291307
0.4739145865373241,0.4446812066516253,0.4080402550924306,0.5293040293040293,0.6532646728725159,0.4314286395384872,0.4068588952466435,0.4641115486038363,0.4657802750645193,0.4961557663504742,0.5027662517289073,0.5486793743054962
0.4642730391576954,0.4427174730508899,0.4098700320210963,0.5335230245944532,0.6456063907044298,0.4311425778922024,0.3988182056172631,0.4548639959541957,0.4524844010323087,0.4851722416375436,0.4933478232233419,0.5425250021369348
0.4551046965574353,0.4407119578841815,0.4114845410758012,0.5376111983254841,0.6384762659272463,0.4307134854227752,0.39062792176222,0.4439186504352851,0.43964587893241,0.473123647861541,0.4836000790357637,0.535045730404308
0.4545723411806459,0.4415475892036433,0.4128030568038102,0.5370879120879121,0.6366277150590876,0.4317623781258194,0.3881222184823666,0.4394754903731532,0.43366763581719,0.4666000998502246,0.4784627543963644,0.534404649970083
0.4565834614929611,0.4428428177488092,0.4135564943626725,0.5355180533751962,0.636825774080676,0.4328351092993873,0.3919368712367703,0.442040241303327,0.4329816079187221,0.4657347312364785,0.4783639596917605,0.5374818360543636
0.4620253164556962,0.443177070276594,0.4115114495600463,0.533751962323391,0.6423714266851521,0.4321199551836754,0.3957141254347582,0.4457609363147058,0.4340596517591715,0.4660342819104676,0.4786932753737733,0.539234122574579
0.46167041287117,0.4396256371688811,0.4070984581438528,0.5366627420198848,0.6475209612464513,0.4281389306062123,0.3954149369834325,0.4461221688400824,0.4313808761556303,0.4624396738225994,0.4731607719159586,0.5338063082314729
0.4524429196734887,0.4347163031670427,0.4049726878884912,0.5430402930402931,0.6450122136396645,0.4243962907339865,0.3952653427577696,0.4462305385976953,0.4298128123877038,0.4584789482443001,0.4678587894355529,0.5255150012821609
0.4536259316219094,0.4317707027659396,0.4006404219250329,0.5450353218210361,0.6509539842873175,0.4207966816849031,0.3982572272710273,0.4500957266192248,0.4332429518800432,0.4591778998169412,0.4678258578673516,0.5210701769381999
0.461729563468591,0.4317915935489262,0.3969808680677018,0.5427459445316589,0.6599986796065226,0.4191995041598131,0.4101873667676428,0.4637864393309974,0.4454607820718043,0.4683974038941587,0.475103734439834,0.5261560817163861
0.466993966639063,0.4296398429013119,0.3918144390926459,0.5429748822605966,0.6692414339473163,0.4156714105223009,0.420658962564045,0.477260412527544,0.4580052922152168,0.4774837743384922,0.4816900480800896,0.5309855543208822
0.4691233881462203,0.4254616863040026,0.3854371283265614,0.5456567242281528,0.6782861292665214,0.4104746239481275,0.4261565503571562,0.4838348444893978,0.4660416190258404,0.4826094192045265,0.48221695317131,0.5276946747585264
0.4743877913166923,0.420886604829949,0.3771762236633211,0.5478152799581372,0.6913580246913579,0.4041812677298624,0.4302703915628857,0.4906982624715529,0.4748293097252622,0.4876352138458977,0.4831061055127445,0.5247029660654757
0.4768129658109546,0.4181290214757248,0.3725210558889218,0.5492870225013082,0.6984221297946788,0.4005578202102554,0.4392460451026591,0.5034497706173464,0.4884518637091242,0.4968214345148942,0.489099650925377,0.5242328404137105
0.4827871761504791,0.4177738781649536,0.369318946263757,0.5479133961276819,0.705684293919588,0.3989368042146415,0.4536818878791279,0.5209334248455731,0.5078893208323806,0.5124979197869861,0.5009220839096358,0.5327378408410975
0.4897077960487401,0.4147238238489178,0.3622689233915454,0.5484039769754057,0.7182280319535221,0.3940737562278004,0.4660982086091477,0.5355994653758624,0.5240599784391232,0.5257114328507239,0.5102417177105973,0.5380801777929738
0.4924878741275286,0.4113186262221107,0.3566450501843231,0.5502681841967556,0.7266785502079619,0.3896398007103864,0.4713714050637645,0.543907813459524,0.5345464048871321,0.5336661674155433,0.5150167950997826,0.5367125395332935
0.4890571394771087,0.4078298654633575,0.353685116917364,0.5539638932496076,0.728395061728395,0.3863262533075878,0.4747372751411796,0.549290178087635,0.5434974355623795,0.5399900149775336,0.518013567806099,0.5336780921446278
0.4976931267005797,0.4071195788418149,0.3488146812690041,0.5521323914181058,0.7391562685680332,0.3837755369615486,0.4810202326190209,0.5575624029187588,0.5546372219136911,0.5504410051589282,0.5252255812421788,0.5365843234464485
0.50857683662605,0.4074956129355728,0.3443747813685655,0.5488291470434328,0.7507097114940251,0.3820353286133161,0.4916040240846703,0.5717588411660587,0.570121851621966,0.564087202529539,0.5367186985444247,0.5444055047439952
0.5211167632793091,0.4095638004512409,0.3413610311331163,0.5437271062271063,0.7614048986598005,0.3818684593196501,0.5003926848423651,0.5825958169273562,0.5840710855574794,0.5756032617740057,0.546466442732003,0.5505171382169417
0.5108245593280493,0.4047380295813487,0.3398003390469015,0.5503663003663005,0.7575097379018947,0.3784357195642328,0.5017390328733311,0.58516056785753,0.5891999607984059,0.5792644366783158,0.549199762892709,0.5482092486537311
0.5085176860286289,0.4020013370101111,0.3373247584963539,0.5531462585034014,0.7592922690961905,0.3757658108655748,0.4999813007217922,0.5849799515948416,0.5920094083826075,0.58139457480446,0.5481788842784694,0.5453457560475254
0.5146101975629954,0.4031085485083981,0.3359793342840997,0.5505952380952382,0.7643097643097643,0.3758134878066224,0.503908149145443,0.5893508651518983,0.5994577112802588,0.5876518555500082,0.5530198248040572,0.547867339088811
0.5206435584999408,0.404675357232389,0.3352528052094826,0.5477171637885925,0.768601043110847,0.3763617726286681,0.5113878604285875,0.5985622945490012,0.6101074777040933,0.5981694125478448,0.5620760060594086,0.5550047012565177
0.5253164556962026,0.4052394083730258,0.3338535640287383,0.545951072736787,0.7729583415857925,0.3760757109823834,0.5172220352294402,0.6066177798648991,0.6183071444905426,0.6063238475619903,0.568761114404268,0.5602188221215488
0.5215899680586774,0.4037352719979944,0.3336113876705325,0.5481750392464679,0.7711758103914966,0.3750983336909104,0.5170350424473615,0.6073763681681899,0.6202672242004509,0.6077550341154934,0.5693538826318909,0.5596204803829388
0.5179226310185733,0.4013537227375282,0.3322121464897883,0.5510531135531137,0.7707796923483198,0.3731197406374407,0.5137813680391937,0.6045587544702525,0.6186664924373592,0.6060242968880012,0.5669498781531978,0.5554320882126678
0.5208801608896251,0.4020013370101111,0.3317277937733768,0.5497448979591837,0.7730243612596552,0.3732866099311068,0.5137813680391937,0.6048116172380161,0.6216066120022214,0.6071892161757363,0.5681354146084436,0.5539362338661424
0.5285697385543594,0.4045291217514832,0.331458708930926,0.5456240188383046,0.7776457384300521,0.3746215642804357,0.519540745727215,0.6101939818661273,0.6291855868805332,0.6137127641870527,0.5743594809984852,0.5586374903837935
0.5342481959067786,0.4053438622879585,0.3299249253289562,0.5434327577184721,0.7827292533174884,0.3743831795751984,0.5250009349639104,0.615720839504389,0.6355231779425696,0.6202030287901481,0.5794968056378845,0.5641935208137449
0.5287471903466225,0.4029623130274923,0.3293867556440546,0.5468014128728415,0.7802865253845646,0.3728098405206322,0.5231310071431243,0.6135534443521294,0.6349678220247623,0.619204526543518,0.5778502272278205,0.5616719377724593
0.5199929019283095,0.4007478900309183,0.330490003498103,0.5509549973835688,0.7740806760414602,0.3720231709933491,0.5190919630502263,0.6088935447747715,0.6314723465420927,0.6152438009652188,0.5735032602252519,0.5553893495170528
0.5237785401632556,0.4018551015292053,0.330194010171407,0.5490253793825223,0.7765234039743844,0.3725237788743474,0.5192415572758892,0.6094715168153741,0.6321257064453955,0.6159427525378599,0.5749193176579069,0.556415078211813
0.5266177688394653,0.4032338932063173,0.3306514544035734,0.5471938775510204,0.7775797187561894,0.3735011561658204,0.5230188114738772,0.6143842791604955,0.6366012217830193,0.6197370610750541,0.5791345583876705,0.560902641251389
0.5299302022950433,0.4048215927132949,0.3312165325727201,0.5450353218210361,0.778702053211857,0.3746692412214832,0.5258237032050563,0.6179604811617239,0.6400966972656889,0.6234980862040272,0.5831522097082263,0.564791862552355
0.5320596238022004,0.4047798111473218,0.330194010171407,0.5444793301936159,0.781144781144781,0.3741924718110087,0.5235049927072816,0.6165516743127551,0.639181993401065,0.6221667498751872,0.581933741684779,0.5631677921189846
0.5221814740328877,0.4021475724910169,0.3312972580254554,0.54925431711146,0.7742787350630487,0.3731912560490119,0.5190171659373949,0.6121085142506232,0.6352945019764138,0.6180063238475619,0.5777843640914181,0.5579536712539533
0.5244883473323081,0.4036934904320214,0.3322390549740333,0.5474228152799582,0.7744767940846371,0.3744785334572933,0.5204383110811923,0.612975472311527,0.6362418738362027,0.619171243135297,0.5780807482052295,0.5585947516881785
0.533124334555779,0.4065973092671514,0.3320776040685628,0.5427459445316589,0.7794942892982109,0.3760518725118597,0.5255619133101462,0.6175631253838095,0.641338081081964,0.6239307705109002,0.5832839359810315,0.5653474655953501
0.5291020939311488,0.4044037770535639,0.3310550816672497,0.5455586080586081,0.7785039941902687,0.3743593411046748,0.5264968772205393,0.6194776577683055,0.6428081408643952,0.6246297220835413,0.5847329249818877,0.5671424908111805
0.5236602389684136,0.4024609342358152,0.3310281731830046,0.548600209314495,0.7754670891925793,0.3732389329900594,0.524514753730506,0.6169490300906694,0.6407500571689916,0.6234315193875852,0.582757030889811,0.5644926916830499
0.5221814740328877,0.4023146987549093,0.3315125258994161,0.549123495552067,0.7740146563675975,0.3733819638132017,0.5190171659373949,0.6108803236643428,0.6373199176766523,0.620169745381927,0.5786405848646512,0.5587229677750235
0.5203478055128357,0.4025653881507479,0.3326695907219547,0.5494178440607013,0.7716379481085364,0.3740256025173425,0.5193163543887206,0.611602788715096,0.6374505896573128,0.620702279913463,0.578838174273859,0.5581246260364134
0.5283331361646753,0.4048007019303083,0.3319161531630923,0.5454604918890634,0.776985541691424,0.374955302867768,0.5235049927072816,0.6161904417873786,0.6406847211786613,0.6246630054917623,0.5830534150036225,0.5635524403795197
0.5343073465041998,0.4064301830032589,0.3312972580254554,0.5425497121925693,0.7810787614709183,0.3756227800424325,0.5265342757769551,0.6188635624751654,0.6432328248015419,0.6276585122316525,0.5862477771191464,0.5675698777673306
0.5282148349698332,0.4049469374112141,0.3321583295212981,0.5453950811093669,0.7765894236482471,0.3751698491024816,0.5242903623920117,0.6157569627569266,0.6409460651399824,0.6253619570644033,0.5846999934136864,0.5656893751602702
0.5240742931503609,0.4025653881507479,0.3310012646987595,0.5484039769754057,0.7757311678880306,0.3732866099311068,0.5177456150192603,0.6091102842899976,0.6361112018555422,0.6206357130970211,0.5797602581834947,0.5601333447303188
0.5234236365787295,0.4026907328486672,0.3314318004466808,0.5485020931449504,0.7748068924539512,0.3735488331068679,0.5178578106885076,0.6091825307950728,0.6359151938845513,0.6205025794641371,0.5797602581834947,0.5614155055987692
0.5280373831775701,0.4056990055987298,0.3332077604068563,0.5448390894819467,0.775203010497128,0.3760518725118597,0.5223082389019784,0.6147093884333346,0.6404560452125053,0.6248294225328672,0.5851281038003029,0.5669715360287204
0.5311132142434639,0.406701763182084,0.3331001264698759,0.5432038199895344,0.7771175810391496,0.3765763188633818,0.5259732974307192,0.618141097424412,0.6433961647773676,0.6287568647029455,0.5886517815978397,0.5716727925463715
0.5282739855672542,0.4052602991560123,0.3325350483007292,0.5451334379905809,0.7761933056050703,0.3755035876898138,0.5224204345712256,0.6146010186757216,0.6400640292705236,0.6254950906972874,0.5854574194823158,0.5686383451577058
0.5256713592807287,0.403568145734102,0.3315663428679062,0.5471611721611722,0.775929226909619,0.3741209563994374,0.5175212236807659,0.6087129285120833,0.6350331580150926,0.619470793809286,0.5790686952512679,0.5614582442943842
0.5235419377735716,0.402878749895546,0.3316201598363964,0.5483058608058609,0.7746748531062256,0.3737395408710577,0.5162870713190472,0.6080627099664054,0.6342164581359643,0.618871692461308,0.5785088585918461,0.5610735960338491
0.5249024015142553,0.4043411047046043,0.3328848585959153,0.5467687074829932,0.7738826170198718,0.3751460106319578,0.5207001009761024,0.6124697467759997,0.6380059455751201,0.6234315193875852,0.5830204834354212,0.5662449782032652
0.5300485034898852,0.4060332581265145,0.3327234076904448,0.5440214547357405,0.776985541691424,0.3760280340413359,0.5243651595048432,0.615829209262002,0.6402600372415146,0.6260276252288234,0.586906408483172,0.5701769381998462
0.5305217082692536,0.4058034595136625,0.3321852380055431,0.5440868655154371,0.7779098171255033,0.3756466185129562,0.5218594562249897,0.6135534443521294,0.6383979615171017,0.6239640539191212,0.5851939669367056,0.5685956064620908
0.5230095823967822,0.4031085485083981,0.3321583295212981,0.5482731554160126,0.7737505776721463,0.3740971179289136,0.5165862597703729,0.6085684355019326,0.6338897781843129,0.6187718422366449,0.5802213001383125,0.5617146764680743
0.5238968413580977,0.4024400434528286,0.3308936307617792,0.5485675039246468,0.7757971875618933,0.3731674175784882,0.5150529189573283,0.6065455333598238,0.632256378426056,0.61660842070228,0.5784759270236449,0.5587657064706385
0.5279190819827281,0.4036934904320214,0.3306783628878185,0.5464416535845108,0.7782399154948174,0.3737872178121051,0.518194397696249,0.6110970631795688,0.636078533860377,0.6199700449326011,0.5814397681617599,0.5629968373365245
0.5303442564769904,0.4040068521768195,0.3299787422974464,0.5455259026687599,0.780484584406153,0.3736680254594866,0.5227196230225514,0.6153596069790125,0.6395086733527163,0.6221001830587451,0.5842718830270698,0.5671852295067955
0.5302259552821484,0.4042366507896716,0.3303016441083874,0.5453950811093669,0.7800224466891132,0.3739302486352475,0.5205131081940237,0.6135534443521294,0.6382346215412761,0.620402729239474,0.583580320094843,0.5668860586374904
0.522536377617414,0.4028578591125595,0.3320776040685628,0.548600209314495,0.7735525186505579,0.3739302486352475,0.5174838251243502,0.6096521330780623,0.6345104700924504,0.6163754368447328,0.5804518211157215,0.5622702795110694
0.5222406246303087,0.4015626305673936,0.330516911982348,0.5497121925693355,0.7753350498448537,0.3724999404038237,0.5169228467781144,0.608315572734169,0.6330404103100192,0.6150108171076718,0.5792662846604756,0.5612872895119241
0.5246657991245712,0.4029832038104788,0.3312434410569653,0.5479133961276819,0.7757971875618933,0.373620348518439,0.5208496952017653,0.6124697467759997,0.6369932377250009,0.6196372108503911,0.5844365408680761,0.5670570134199505
0.5327102803738317,0.4057616779476894,0.33116271560423,0.5435308738880168,0.7803525450584273,0.3751698491024816,0.5233927970380343,0.615720839504389,0.6403907092221751,0.6232651023464802,0.5881907396430218,0.5726130438499017
0.5301668046847273,0.4045709033174564,0.3307590883405538,0.5451334379905809,0.7794282696243481,0.3743116641636272,0.5211114850966753,0.6138063071198931,0.6380059455751201,0.620901980362789,0.5862807086873476,0.5689375160270109
0.522595528214835,0.4022311356229631,0.3312165325727201,0.5490907901622188,0.7746748531062256,0.3731912560490119,0.5154643030779013,0.6075208611783405,0.6327463983535331,0.6155433516392078,0.5801225054337087,0.5603042995127789
0.5223589258251509,0.4021475724910169,0.3311896240884751,0.5492216117216118,0.7745428137585,0.3731197406374407,0.5146415348367553,0.6065455333598238,0.632256378426056,0.6155433516392078,0.5792992162286769,0.5596204803829388
0.5302259552821484,0.4054900977688643,0.3319430616473374,0.5444139194139195,0.778041856473229,0.3753605568666714,0.5199895284042036,0.6122530072607737,0.6370259057201659,0.621168247628557,0.5839096357768557,0.5655611590734251
0.5343664971016208,0.4063048383053397,0.3311088986357399,0.5426151229722659,0.7813428401663696,0.3754559107487664,0.5244025580612588,0.6161543185348408,0.6405540491980007,0.6235646530204693,0.58608311927814,0.5700914608086162
0.5300485034898852,0.4045709033174564,0.330839813793289,0.5451661433804291,0.7792302106027595,0.3743593411046748,0.5216350648864955,0.613914676877506,0.6381039495606156,0.6211016808121151,0.5840413620496608,0.5683391742884008
0.5286288891517804,0.4036099273000752,0.3302747356241423,0.5463108320251178,0.7791641909288968,0.3735726715773916,0.5169976438909458,0.6086406820070079,0.6326483943680377,0.6170743884173739,0.578969900546664,0.5624412342935294
0.5293386963208329,0.4036099273000752,0.3299249253289562,0.5461145996860283,0.7800224466891132,0.3734058022837255,0.515090317513744,0.6066177798648991,0.6308516546339552,0.6155766350474289,0.5770598695909899,0.560731686468929
0.5315272684254111,0.4041948692236985,0.3296558404865054,0.5450680272108844,0.781540899187958,0.373620348518439,0.5183065933654961,0.6104468446338909,0.6337591062036523,0.619237809951739,0.5804188895475203,0.564791862552355
0.5308766118537798,0.4054065346369181,0.3315394343836612,0.5442830978545264,0.7789001122334455,0.3751460106319578,0.52264482590972,0.613914676877506,0.63679722975401,0.6232651023464802,0.5844036092998749,0.5686810838533208
0.5300485034898852,0.4044037770535639,0.3306245459193284,0.5452969649398222,0.7795603089720736,0.3741686333404849,0.5210740865402596,0.6118195282303219,0.6349024860344321,0.6217340655683141,0.5829546202990187,0.5662449782032652
0.5239559919555188,0.4019386646611515,0.3302209186556522,0.5489272632129776,0.77665544332211,0.3725952942859186,0.5171098395601931,0.606834519380125,0.6304923066871386,0.6168746879680478,0.5784100638872423,0.5599623899478587
0.5233644859813085,0.4018133199632322,0.3303285525926325,0.5491889063317635,0.7761933056050703,0.3725714558153949,0.515501701634317,0.60567857529892,0.6291855868805332,0.6149442502912298,0.5761707172495555,0.5584237969057185
0.5333609369454632,0.4055945516837971,0.3306514544035734,0.5434654631083202,0.7813428401663696,0.3748599489856731,0.5189797673809792,0.6098688725932883,0.6337917741988175,0.618971542685971,0.5807811367977342,0.565304726899735
0.533065183958358,0.406659981616111,0.3321583295212981,0.5427132391418106,0.7793622499504852,0.3761472263939546,0.5226822244661357,0.6134811978470542,0.6368952337395054,0.6219004826094192,0.5838437726404532,0.5683819129840157
0.5294569975156749,0.4048007019303083,0.3314048919624358,0.5451661433804291,0.7782399154948174,0.3747407566330544,0.5210740865402596,0.6120362677455479,0.6350331580150926,0.6198369112997171,0.5818349469801751,0.5650055560304299
0.5214125162664143,0.4019386646611515,0.3313779834781907,0.5496140763997908,0.7737505776721463,0.373095902166917,0.5156138973035641,0.6064010403496731,0.6297082748031754,0.6147778332501248,0.5766317592043734,0.5602615608171638
0.5238968413580977,0.4029414222445057,0.3315663428679062,0.5481423338566196,0.7749389318016767,0.3737633793415815,0.5152773102958226,0.6053173427735434,0.6290222469047075,0.6140788816774838,0.5755450174537311,0.5599623899478587
0.5327694309712528,0.4071404696248015,0.3329117670801604,0.5424188906331765,0.7782399154948174,0.3767431881570478,0.5200643255170351,0.6101939818661273,0.6351311620005881,0.620169745381927,0.5810775209115459,0.5670142747243355
0.5405181592334083,0.4123213838054649,0.336060059736835,0.5362375719518577,0.778702053211857,0.3810817897923669,0.5217846591121583,0.6131199653216777,0.6416320930384504,0.6274588117823264,0.5878943555292103,0.5741516368920421
0.533242635750621,0.4141388819252946,0.3417108414283024,0.5367935635792779,0.7676767676767676,0.3846337219004028,0.5187927745989005,0.6101217353610519,0.6410440691254778,0.6281577633549675,0.5878614239610089,0.5725275664586718
0.5302259552821484,0.4156012367343528,0.3449667680219573,0.5364992150706437,0.7619990757245659,0.3868983766001573,0.5126594113467221,0.6038001661669617,0.6378752735944596,0.6261940422699285,0.5858855298689324,0.569364902983161
0.5379155329468828,0.4181290214757248,0.3447245916637516,0.5324110413396128,0.7666204528949626,0.3882571694200101,0.5103033022925315,0.6040169056821876,0.639181993401065,0.6282908969878515,0.5875650398471975,0.5708607573296863
0.5460783153909855,0.4192362329740118,0.3424373705029196,0.5292713239141811,0.7739486366937346,0.3878757538916303,0.5146041362803396,0.6100133656034389,0.6451929045114502,0.6347811615909468,0.5929987486004085,0.5764595264552527
0.5529989352892465,0.4225578674688727,0.343567526841213,0.524757980115123,0.7764573843005215,0.3902596009440034,0.5161000785369685,0.6123613770183868,0.6491457319264317,0.6404393409885172,0.5981690048080089,0.5828275921018891
0.5525848811072992,0.4246469457675273,0.3464467346554368,0.5232535321821036,0.7726942628903413,0.3927388018784715,0.508508171584577,0.6055340822887693,0.647283656202019,0.6394075553336661,0.5978396891259962,0.5826138986238141
0.5490358452620372,0.426088409793599,0.3499448376072976,0.5230900052328624,0.7664223938733742,0.3950988104603209,0.4928755750028049,0.5924935881226746,0.641338081081964,0.635646530204693,0.5956662056247118,0.5804769638430636
0.5530580858866675,0.4294309350714464,0.3523935096736001,0.5193615907901623,0.7656301577870205,0.398102457746311,0.4820673921986612,0.5833182819781093,0.6366012217830193,0.6338492261607588,0.5964236316933413,0.5840242755791094
0.5702117591387673,0.4343402690732849,0.3509404515243656,0.5107927786499216,0.776985541691424,0.4002479200934468,0.4831519503347171,0.5859191561608208,0.637515925647643,0.6352804127142618,0.6003095567410921,0.5906915120950509
0.5900863598722347,0.433776217932648,0.3411457632591556,0.5057234432234433,0.8001584472172706,0.3955755798707955,0.4890235236919855,0.592240725354911,0.6379732775799549,0.6352804127142618,0.6006388724231049,0.5937686981793315
0.5940494498994441,0.4295353889863791,0.3338804725129834,0.5079474097331241,0.811249752426223,0.3899497008271949,0.4921650024309063,0.5946248600223965,0.6362092058410376,0.6313196871359626,0.5979714153988013,0.591503547311736
0.5916834260026027,0.423372608005348,0.3270188090304873,0.5134092098377813,0.8183798772034065,0.3833941214331688,0.4932869591233779,0.593938518224181,0.6326157263728726,0.6257613579630553,0.5922742540999802,0.5850500042738696
0.5859458180527624,0.4204896799532046,0.3259155611764389,0.5172684458398744,0.8164653066613851,0.381248659086033,0.4956804667339841,0.5942636274970199,0.6311783345856066,0.6230321184889333,0.5897714549166831,0.582656637319429
0.5785519933751332,0.4205314615191777,0.3293329386755644,0.5192961800104657,0.8081468277546707,0.3827981596700756,0.5002430906167022,0.5965393924068924,0.6311783345856066,0.6232983857547012,0.5900678390304946,0.5846653560133346
0.5705666627232935,0.4196331578507563,0.331808519226112,0.5221742543171115,0.8006866046081732,0.3833941214331688,0.5049553087250832,0.6001517176606582,0.6320930384502303,0.6247295723082043,0.5912533754857406,0.5855201299256347
0.5471430261445641,0.414577588368012,0.3359524257998547,0.5326072736787023,0.7825311942959001,0.3823452287301247,0.50970492538988,0.6013799082469385,0.6329424063245239,0.6233649525711432,0.5878284923928078,0.5778699034105479
0.5310540636460429,0.4095429096682543,0.3367865888114523,0.5410125588697018,0.7725622235426156,0.3798183508546092,0.5142301507161824,0.6023552360654553,0.6320603704550652,0.61893825927775,0.5816044260027662,0.5675698777673306
0.5257896604755709,0.4053020807219855,0.3337190216075129,0.5457875457875458,0.7733544596289693,0.3760518725118597,0.5194659486143834,0.6062204240869848,0.6309169906242854,0.6158096189049759,0.5774879799776065,0.560988118642619
0.5249024015142553,0.4005807637670259,0.3280413314318004,0.5497121925693355,0.7798243876675248,0.3708312474671625,0.524252963835596,0.6099772423509013,0.6302636307209827,0.6154102180063238,0.5754791543173287,0.5572271134284983
0.5249615521116764,0.400162948107295,0.3274762532626537,0.5500392464678179,0.7805506040800159,0.3703544780566879,0.5274318411309324,0.6138063071198931,0.6301329587403222,0.6157430520885337,0.5751827702035172,0.5566287716898881
0.5158523601088372,0.3982618868555193,0.3291714877700939,0.5540620094191523,0.7733544596289693,0.3700207394693556,0.5242155652791802,0.6105913376440415,0.6264088072914966,0.6102180063238475,0.5714944345649741,0.5526540729976921
0.5081036318466816,0.3953162864544163,0.3289024029276431,0.5584772370486657,0.7693932791972007,0.3682090157095521,0.5200643255170351,0.6064732868547483,0.6217046159877169,0.6047928107838242,0.5659948626753606,0.5467988716984358
0.5101739027564178,0.3953162864544163,0.3279336974948201,0.5579212454212454,0.7717699874562619,0.3677799232401249,0.5193911515015521,0.6053173427735434,0.6207245761327628,0.6041271426194041,0.5650069156293224,0.5451748012650655
0.5166213178753105,0.3981783237235731,0.3287409520221726,0.553898482469911,0.7743447547369116,0.3697823547641183,0.5229814129174614,0.6090741610374598,0.624579399562249,0.6073223498086203,0.5682671408812487,0.5504316608257116
0.5198154501360464,0.3992646444388735,0.3286602265694374,0.552165096807954,0.7761933056050703,0.3703544780566879,0.5263846815512921,0.611602788715096,0.627225507170625,0.6092860708936595,0.5713297767239676,0.5560304299512779
0.5140186915887851,0.3968413136124342,0.3281758738530259,0.5556645735217165,0.7736185383244206,0.3687573005315979,0.5238041811586074,0.6097243795831377,0.6252000914703866,0.6070227991346314,0.5693868142000922,0.552397640824002
0.5040222406246303,0.3936032422495195,0.3285256841482119,0.5609628466771325,0.7676107480029047,0.367064769124413,0.5187927745989005,0.6034750568941227,0.6199078762536343,0.6015976035946081,0.5642494895606929,0.5440635951790752
0.5076895776647344,0.3960265730759589,0.3300056507816915,0.5580520669806385,0.7678088070244933,0.3691148775894539,0.5178578106885076,0.6022107430553048,0.6197772042729738,0.6021634215343651,0.5641836264242903,0.543037866484315
0.5127173784455223,0.3975933817999498,0.3297096574549956,0.5554356357927788,0.7709777513699081,0.3698777086462133,0.5238041811586074,0.6071596286529639,0.6259187873640195,0.6079547345648194,0.5681683461766449,0.547781861697581
0.5119484206790489,0.3981365421576,0.3307859968247988,0.555206698063841,0.769261239849475,0.3706643781734964,0.5362952990014586,0.6200917530614457,0.6378752735944596,0.6168081211516059,0.5729763551340316,0.5501324899564065
0.5066248669111558,0.3985752486003175,0.333772838576003,0.5563513867085297,0.7625932527893311,0.3722377172280626,0.5471782789184338,0.6326265216920132,0.6477736761294959,0.6235313696122483,0.5736020549298557,0.54308060517993
0.5000591505974211,0.4022520264059497,0.3414955735543417,0.5553048142333857,0.7494553376906318,0.3777444039190445,0.5332660159317851,0.6177798648990355,0.638463297507432,0.6243967382259943,0.5792333530922743,0.5463287460466707
0.5064474151188927,0.4128854349461018,0.3522858757366198,0.5451988487702774,0.7397504456327986,0.3885909080073422,0.5009910617450166,0.5806812845428602,0.6219332919538728,0.6322516225661506,0.6048870447210697,0.5776562099324729
0.5189281911747309,0.424521601069608,0.3615962112854183,0.5326399790685505,0.7353271274839901,0.3993658966840687,0.4662478028348106,0.5386699418415635,0.6020058149031394,0.6402063571309701,0.635513403148258,0.6200529959825627
0.5451319058322489,0.4300994401270159,0.3568603180582838,0.5210295656724229,0.7557932263814616,0.4004386278576367,0.4447062343393545,0.5134197883177402,0.5781908464277548,0.6331169911798968,0.6511558980438648,0.6586887768185316
0.5741156985685556,0.4259212835297067,0.3382934639291769,0.516287284144427,0.7947448339605202,0.3898305084745762,0.4336736601967164,0.5059422750424448,0.5468622390643887,0.5998002995506739,0.631364025554897,0.6705701341995044
0.5873654323908672,0.4228921199966575,0.3283642332427415,0.5150117739403454,0.8142866574239123,0.3837040215499773,0.4282508695164367,0.5069176028609617,0.5278494658782792,0.5710434348477283,0.6043272080616479,0.6637319429011027
0.5912102212232343,0.4247931812484331,0.3290907623173587,0.5124280481423339,0.8155410312273057,0.3851104913108775,0.4244736153184487,0.5036665101325724,0.5170036914834537,0.5578299217839907,0.5890798919844563,0.656167193777246
0.6046374068378091,0.4420280772123339,0.3451551274116729,0.495225013082156,0.8033273915626856,0.4020596438532503,0.4030068439358241,0.4797167937001048,0.4806442128646565,0.5309702113496421,0.566159520516367,0.660398324643132
0.6190701526085414,0.4705231052059831,0.3753195382504103,0.4689298796441654,0.7744107744107743,0.4316908627142483,0.3555480758442725,0.4241231080446483,0.4349090196334652,0.5212847395573306,0.5751498386353159,0.6988631506966407
0.6242162545841713,0.4914556697585026,0.3998869843661707,0.451138147566719,0.7470786294315706,0.4545281174759827,0.2829200792849396,0.3328035256294476,0.3456273888471465,0.4709269429189548,0.5509122044391754,0.7198478502436106
0.5617532237075594,0.4623130274922704,0.3907919166913328,0.4912022501308216,0.7234435861886841,0.4338601635319078,0.278694042409963,0.2987754217389734,0.2263892064943974,0.3305375270427691,0.4189554106566555,0.634968800752201
0.4634449307938011,0.4128436533801286,0.3717945268143046,0.5571363160648876,0.6918201624083976,0.3972204343369329,0.3614570477579565,0.3654950691760286,0.1939825552905818,0.237410550840406,0.3099519199104261,0.525856910847081
0.4055364959186088,0.3903651708866048,0.3691844038425316,0.5907247514390372,0.662705486234898,0.3832510906100265,0.4507274019222858,0.4586208142181122,0.2685309202574238,0.2792145115659843,0.3263847724428637,0.4894435421830926
0.3631846681651485,0.3740703601570986,0.3674622608508463,0.6151883830455259,0.6411830725556216,0.3731912560490119,0.5442611915180074,0.555431131019037,0.3627780863088432,0.3532368114494924,0.3684383850358954,0.4599965809043508
0.344907133562049,0.3532631403024985,0.3489761321744746,0.6365450026164312,0.6537268105895556,0.3531192638680303,0.6167021952952617,0.6319763031463353,0.4254353010355755,0.3994341820602429,0.3934663768688665,0.4359346952731003
0.343073465041997,0.3454499874655302,0.3397465220784114,0.6431514913657772,0.6640258797121541,0.3445612529500108,0.6280339578892256,0.6501462991727776,0.4492502695109601,0.4236977866533533,0.4113482184021603,0.430293187451919
0.3646042825032533,0.3479568814239157,0.3331539434383661,0.6352367870225014,0.6840958605664488,0.3430832677775394,0.6230599498859345,0.6549506917602862,0.4752213256672438,0.4522549509069728,0.435026015938879,0.4400803487477562
0.3951259907725068,0.3517381131444806,0.3241665097005086,0.6238226059654631,0.7121542219581435,0.3412477055472121,0.6164030068439359,0.6570097171549326,0.5042305053738853,0.4824430021634214,0.4616676546137127,0.4590990682964356
0.4235182775346031,0.3562923038355478,0.3170895783440519,0.6124411302982732,0.7366475209612464,0.34072325919569,0.609783462358353,0.6568291008922444,0.5277514618927838,0.5078382426360458,0.4843904366725943,0.4778186169758099
0.439015734058914,0.3593632489345701,0.3140489196243575,0.6057365253793826,0.7490592196474548,0.3411285131945935,0.5997232506825237,0.6531084058808655,0.5448368233641502,0.5248793476451988,0.4984851478627412,0.4879049491409522
0.4525612208683308,0.3662363165371438,0.3167128595646208,0.5966117216117217,0.7533504984485376,0.3462299458866719,0.5872321328396725,0.6474009319799156,0.5601254451014341,0.5404892661008487,0.5115260488704472,0.495384220873579
0.473796285342482,0.3786663324141389,0.3230632618464602,0.5810112506541077,0.757377698554169,0.356146749624544,0.5810239724746625,0.648304013293357,0.5793015582633695,0.5588617074388417,0.5274649278798657,0.5090178647747671
0.4892345912693718,0.3892579593883178,0.3296827489707505,0.568452380952381,0.7579058559450715,0.365110014541467,0.5762743558098657,0.6491709713542608,0.5984123354349744,0.5789648860043268,0.5440624382533097,0.5245747499786307
0.49828463267479,0.3980529790256539,0.3368942227484326,0.5590659340659342,0.7540767148610286,0.3733104484016306,0.5586596357380605,0.6373586677744464,0.6122635653849924,0.5961058412381427,0.5596061384443127,0.5400034190956492
0.5014196143381048,0.4045500125344698,0.343863520167909,0.5531135531135531,0.747276688453159,0.3801282509714177,0.5341261827293466,0.6164794278076798,0.6181111365195519,0.6052254950906972,0.5690245669498781,0.5500042738695615
0.5030758310658937,0.406659981616111,0.3458009310335549,0.5509877027734171,0.7458902753020399,0.3821783594364585,0.5182691948090804,0.6019578802875412,0.6170657606742674,0.6049592278249293,0.5691892247908845,0.5488075903923413
0.5028392286762097,0.4072240327567477,0.3466350940451524,0.5506279434850864,0.7447019211725092,0.3828696750816467,0.5134073824750365,0.597623089983022,0.6165757407467904,0.6040605758029621,0.567937825199236,0.5467133943072058
0.5082219330415237,0.4101905239408372,0.3480074267416517,0.5468014128728415,0.7460223146497655,0.385158168251925,0.514940723288081,0.5997182386302062,0.6208879161085885,0.6083208520552504,0.5726141078838174,0.5512009573467818
0.5127173784455223,0.4126974178992229,0.3491914000484353,0.5435962846677133,0.7470786294315706,0.3871367613053946,0.51643666554471,0.6022107430553048,0.6258207833785241,0.6136129139623897,0.5778172956596193,0.5583383195144884
0.5118301194842069,0.4123213838054649,0.3491106745957,0.5441522762951334,0.7466825113883936,0.3868745381296336,0.5137065709263623,0.5993570061048297,0.6254287674365425,0.6140455982692627,0.5777843640914181,0.5591503547311737
0.5056193067549982,0.4103785409877162,0.3494604848908861,0.5473901098901099,0.7427873506304877,0.3859209993086844,0.509031751374397,0.5940830112343315,0.6223579758910196,0.6110168081211516,0.5751498386353159,0.556415078211813
0.5055601561575772,0.4106710119495278,0.3498372036703173,0.5471611721611722,0.7422591932395853,0.3862547378960166,0.5060772654175549,0.5914098905465449,0.620757244127928,0.6098518888334165,0.573634986498057,0.5544063595179076
0.5126582278481013,0.4139508648784156,0.3508059091031402,0.5426478283621142,0.7450980392156862,0.3885432310662948,0.5071618235536108,0.5943358740020951,0.6241547156251022,0.6133133632884007,0.5773233221366002,0.5584237969057185
0.5170353720572578,0.4162279602239492,0.3518015230202083,0.5396716378859236,0.7462863933452168,0.3902834394145272,0.510901679195183,0.5988151573167648,0.6285975629675608,0.6172075220502579,0.5826253046170058,0.5633387469014446
0.510233053353839,0.4149118408957967,0.3531738557167075,0.5425497121925693,0.7408067604146035,0.3901642470619085,0.5104902950746102,0.5978037062457104,0.6276501911077718,0.6176734897653519,0.5838108410722519,0.5647063851611249
0.503312433455578,0.4124885100693574,0.3532007642009526,0.5463762428048143,0.7369115996566976,0.3887816157715321,0.5052918957328247,0.5914460137990825,0.6226193198523406,0.6122150108171076,0.578838174273859,0.5585947516881785
0.5024251744942625,0.4122169298905322,0.3532545811694427,0.5468341182626898,0.7363834422657951,0.3886624234189134,0.5014772429784211,0.5875447025250154,0.62007121622946,0.6089865202196705,0.5767305539089772,0.5561159073425079
0.5125990772506802,0.4153087657725411,0.3526356860318059,0.5416012558869703,0.7427873506304877,0.3901404085913847,0.5037959534761959,0.5914098905465449,0.6242527196105976,0.6122150108171076,0.581209247184351,0.5606889477733139
0.5184549863953626,0.4178574412968998,0.3532276726851976,0.538003663003663,0.7453621179111375,0.3918567784690934,0.5062268596432178,0.5942275042444821,0.6278135310835975,0.6165751372940589,0.5861819139827439,0.5663304555944952
0.5144918963681533,0.4175440795521015,0.354626913865942,0.5393445839874412,0.7414009374793689,0.3923097094090443,0.5045439246045104,0.5939023949716433,0.6275195191271112,0.6169412547844899,0.5867746822103669,0.5671852295067955
0.5078078788595765,0.4157474722152586,0.3553265344563141,0.5425824175824177,0.7367795603089721,0.3915945552933323,0.4988967425857362,0.5887367698587581,0.6219659599490379,0.6106174072224996,0.581209247184351,0.5618856312505343
0.5082810836389448,0.4161026155260299,0.3555956192987649,0.5421572475143904,0.7367135406351092,0.3919044554101408,0.4964284378622985,0.5857024166455947,0.6199732122439646,0.6078548843401564,0.5779160903642232,0.5597914351653988
0.5112977641074175,0.4179201136458594,0.3565912332158329,0.5399332810047096,0.7372416980260117,0.3933824405826123,0.4976625902240174,0.5867861142217246,0.6217699519780472,0.6106174072224996,0.579562668774287,0.5626121890759894
0.5163255648882054,0.4199883011615275,0.3569679519952641,0.5368916797488226,0.7395523866112101,0.3947173949319411,0.5011780545270953,0.590326192970415,0.6254287674365425,0.6151772341487768,0.5847987881182901,0.5682536968971706
0.5117709688867857,0.4201345366424334,0.3592013561876059,0.5380690737833596,0.7342708127021852,0.395790126105509,0.4984479599087476,0.5869667304844128,0.6235340237169645,0.6143451489432517,0.584667061845485,0.5668005812462604
0.5022477227019992,0.4184632740035096,0.3613809434114576,0.5419937205651492,0.726282432164785,0.3958139645760328,0.4898088933767157,0.5788751219159773,0.6158897128483226,0.6076884672990513,0.5786405848646512,0.560603470382084
0.5060333609369454,0.4198002841146486,0.3613809434114576,0.5399005756148614,0.728395061728395,0.3965767956327922,0.486929204532705,0.5758768919553517,0.612165561399497,0.6041937094358462,0.5762036488177568,0.5588939225574836
0.5150834023423636,0.4241873485418233,0.3629416354976724,0.5339809000523287,0.7315640060738099,0.3997711506829722,0.4898462919331314,0.5783332731279125,0.6144196530658914,0.6071226493592944,0.5798261213198973,0.5638088725532097
0.5193422453566782,0.4261093005765856,0.3634259882140839,0.5312990580847725,0.7333465372681058,0.4010822665617773,0.4912674370769289,0.5782971498753747,0.6160203848289831,0.6097853220169746,0.5827240993216097,0.5696640738524661
0.5142552939784691,0.425399013955043,0.3648521378790733,0.5332286760858189,0.728725160097709,0.4013206512670147,0.4879015669995138,0.574576454863996,0.6116755414720199,0.6062572807455483,0.5803200948429164,0.5680827421147107
0.4998225482077369,0.4243126932397426,0.3700185668541291,0.5380690737833596,0.7143328711956163,0.4029655057331522,0.4810202326190209,0.5673879276090019,0.6035412106759009,0.599400898652022,0.5741289600210763,0.5628686212496795
0.5031349816633148,0.4270911673769533,0.3720905201410004,0.5349947671376243,0.7136066547831252,0.4054923836086677,0.4759340289464827,0.5619694397283531,0.5981509914736532,0.5956398735230487,0.5707040769281434,0.5596204803829388
0.5106471075357861,0.430788835965572,0.3734359443532546,0.5300235478806908,0.716181422063775,0.4081861307778492,0.4767193986312129,0.5618610699707401,0.5986410114011304,0.5967715094025628,0.5714944345649741,0.5635951790751347
0.5116526676919437,0.4321049552937244,0.3746737346285284,0.5287153322867608,0.7152571466296956,0.4094734081861308,0.4782527394442575,0.5620055629808909,0.5982489954591487,0.5977700116491929,0.5741618915892774,0.5679545260278656
0.5016562167277889,0.4309350714464778,0.3776874848639776,0.5323783359497646,0.7059483726150392,0.4101408853607953,0.473465724223045,0.5556839937868006,0.5914213844696352,0.5936428690297887,0.570901666337351,0.5661167621164203
0.4959777593753697,0.4319169382468454,0.3815623065952695,0.5331959706959708,0.6980260117515018,0.4124293785310735,0.4649388533602603,0.5462197016219341,0.5807062820554703,0.5849226160758861,0.5631627478100507,0.5594067869048637
0.4908908079971608,0.4328988050472132,0.3851411349998655,0.5338500784929356,0.6908298673004555,0.4145748408782093,0.4588054901080819,0.5380558465484232,0.5719185913560485,0.5781660842070228,0.5577949021932425,0.556329600820583
0.491364012776529,0.4365964736358318,0.3897155773215295,0.5308084772370487,0.6854162540437049,0.4186988962788147,0.4573469464078686,0.534696384062421,0.5685211198588743,0.5764353469795307,0.5586511229664757,0.560774425164544
0.4953271028037384,0.4400225620456254,0.3922987918090574,0.5270473574045003,0.6844919786096255,0.4217978974468998,0.4566363738359699,0.5316981541017953,0.5644376204632322,0.5733732734231984,0.5587499176710795,0.5635951790751347
0.4939666390630545,0.4412342274588451,0.3944783790329091,0.5264586603872319,0.6810589555687594,0.423466590383561,0.4494184524477355,0.5236426687858975,0.5542452059717096,0.5654518222666001,0.5528222353948495,0.560988118642619
0.4860996096060571,0.4415058076376703,0.3983801092484461,0.5284209837781267,0.6718822209018286,0.4253498295549358,0.4386850667564232,0.5112885164180183,0.5399039560942145,0.5532368114494924,0.5423829282750445,0.5553893495170528
0.4774636223825861,0.4428428177488092,0.4040577994241585,0.5297619047619048,0.6601307189542482,0.4286157000166869,0.4313175511425259,0.5019325940107647,0.5282088138250955,0.5437177566982858,0.5354672989527761,0.5511582186511669
0.4759848574470602,0.4464151416395086,0.4093318623361946,0.5273744113029828,0.6528025351554763,0.4330019785930534,0.4294476233217398,0.4962612433623524,0.5206298389467838,0.5385588284240306,0.5326681156556676,0.551884776476622
0.4748609960960606,0.4482953121082977,0.4122648871189086,0.5262297226582942,0.6485772760282563,0.4353619871749029,0.427128912823965,0.4914207275223061,0.5136388879814446,0.5345648194375103,0.5303629058815781,0.5550047012565177
0.4707796048740092,0.4492145065597058,0.4153055458386029,0.5266221873364731,0.6425694857067404,0.4372452263462776,0.4196866000972363,0.4823537911353538,0.5022050896736467,0.5256781494425028,0.5250609234011724,0.5536370629968373
0.4631491778066958,0.4487966908999748,0.4182385706213169,0.5290423861852434,0.634713144517066,0.4383179575198455,0.4085044317289353,0.4688798179388072,0.485773088105583,0.5120319520718921,0.5140288480537444,0.5453457560475254
0.4558145037264877,0.4496532130024233,0.4227053790060006,0.5304160125588697,0.6251402918069584,0.4407733199837898,0.4009873218893751,0.4588375537333382,0.4724772140733723,0.5003161923780994,0.5055983665942172,0.538763996922814
0.4561102567135928,0.4525779226205398,0.4263380243790867,0.528061224489796,0.6208490130058757,0.444039190445541,0.3976962489247915,0.4544666401762814,0.4647675672144,0.4946247295723081,0.5025686623196997,0.5408581930079495
0.4549272447651721,0.4544163115233559,0.4292172321933105,0.5269492412349556,0.6166237538786558,0.4463753605568666,0.3969856763528928,0.4519018892461077,0.4590833360556663,0.4902978865035779,0.5005269050912204,0.54342251474485
0.4500177451792263,0.4537895880337594,0.4306433818582999,0.5287807430664574,0.6122004357298475,0.4466375837326278,0.3913758928905344,0.4448217317487267,0.449446277481951,0.4821767348976535,0.4933478232233419,0.5414565347465595
0.4411451555660712,0.4513662572073201,0.4315582703226327,0.5331305599162742,0.606060606060606,0.4456840449116785,0.3815026739967837,0.4323953328757721,0.435366371565777,0.4695623231818938,0.481624184943687,0.5310282930164972
0.4367680113569147,0.4510111138965488,0.4331189624088475,0.5346350078492936,0.6017033075856604,0.4461608143221531,0.3767156587755713,0.4255680381461547,0.4264480088856947,0.4608087868197703,0.4733583613251663,0.5248739208479357
0.4433337276706495,0.4535180078549344,0.4333342302828081,0.5308411826268971,0.6051363306265266,0.4476864764356719,0.3804181158607278,0.4281327890763284,0.4265786808663552,0.4611416209019803,0.4726667983929395,0.5285067099752117
0.4447533420087542,0.4527659396674187,0.4317466297123483,0.5310374149659864,0.6078431372549019,0.4465660683210565,0.3861026964359176,0.4328649351587617,0.4288654405279148,0.4632384756199034,0.4751695975762366,0.530643644755962
0.4424464687093339,0.4490473802958135,0.4279794419180368,0.5346023024594453,0.6112101406219053,0.4427519130372595,0.3885710011593553,0.4358270418668497,0.4294534644408873,0.4613746047595273,0.4738852664163867,0.5287204034532866
0.4403761977995978,0.4446185343026657,0.4232166402066572,0.5386250654107797,0.6158975374661648,0.4381272497556556,0.3876734358053779,0.4357186721092367,0.4279180686681259,0.4567814944250291,0.4681222419811631,0.5199162321565945
0.4382467762924406,0.4412968998078048,0.419906896644512,0.541830193615908,0.6187363834422658,0.4347660254118096,0.3907775159878829,0.4397283531409168,0.4310215282088138,0.4568480612414711,0.4665085951393006,0.5154286691170186
0.4485981308411215,0.4409626472800201,0.4147673761537012,0.5392137624280482,0.6308179837591601,0.4322868244773415,0.400725531994465,0.4512877939529676,0.4417366306229787,0.4644699617240805,0.4708555621418692,0.5179929908539191
0.4606057021175914,0.4406075039692487,0.4088475096197831,0.5361721611721613,0.6448141546180761,0.4294738849555413,0.4137028310707207,0.4666401762814724,0.4560452125053085,0.4757863205192211,0.4779687808733452,0.5226942473715702
0.4602507985330652,0.4354892621375449,0.4024163818852084,0.540260334903192,0.6524724367861622,0.4237049750887983,0.4210329481282023,0.4770436730123181,0.466172291006501,0.4820436012647695,0.4803398537838372,0.5211129156338148
0.4551638471548562,0.4295980613353388,0.3971423189731722,0.5463108320251178,0.6561035188486167,0.4180075806336266,0.4254459777852575,0.4841238305096991,0.4744046257881154,0.4858711932101847,0.4806033063294474,0.5165398752030088
0.4651011475215899,0.4286161945349712,0.3913569948604795,0.5443158032443748,0.6687792962302765,0.4148847409950178,0.4329630876248177,0.4956471480692122,0.4865897879847114,0.4939257779996671,0.4853783837186327,0.5182494230276092
0.4698331953152727,0.4264017715383972,0.3863520167908942,0.5447409733124019,0.6775599128540304,0.411404324298553,0.4445192415572759,0.5100242025792002,0.5031524615334357,0.5070061574305208,0.4938088651781598,0.5206000512864348
0.4791198391103751,0.4256705941338681,0.3811586793315932,0.5427459445316589,0.6891133557800224,0.4086867386588476,0.4578705261976888,0.526351912726222,0.5214792068210774,0.5220835413546346,0.5060594085490351,0.5269253782374562
0.4850940494498994,0.4231219186095095,0.3751849958291849,0.5430729984301413,0.699742523271935,0.4045865217287659,0.4658364187142376,0.5369721489722935,0.5345464048871321,0.5319687135962723,0.5133372851215176,0.5299170869305069
0.4871643203596356,0.4196122670677696,0.3697225735274332,0.5452642595499738,0.7075988644616095,0.4001764046818756,0.4677063465350237,0.5417042950547267,0.5414720198621411,0.5363621234814445,0.5143252321675558,0.5264125138900762
0.4943806932450018,0.4190482159271329,0.365740117859161,0.543694400837258,0.7165775401069517,0.3980786192757872,0.4721567747484947,0.5487483292995702,0.5518604423246546,0.5433849226160758,0.5184416781927156,0.5268399008462262
0.5021294215071572,0.4199047380295813,0.3632914457928585,0.5408817373103088,0.7238397042318611,0.397482657512694,0.4810576311754367,0.5595130585557924,0.5646662964293881,0.5544682975536694,0.5275307910162682,0.5315411573638773
0.51029220395126,0.4210537310938413,0.3610849500847617,0.5377420198848771,0.731167888030633,0.3971489189253617,0.4907438572871087,0.5720839504388976,0.5790728822972135,0.5673822599434182,0.5383982085226899,0.5400461577912642
0.5051461019756299,0.4177738781649536,0.3591744477033609,0.5417320774463632,0.7306397306397306,0.3944551717561801,0.4958674595160627,0.5784416428855254,0.5886119368854333,0.5743384922616076,0.5440624382533097,0.5423540473544748
0.4979888796876849,0.4144731344530793,0.3581788337862928,0.5462781266352696,0.7278669043374926,0.3921190016448545,0.4954560753954898,0.5784416428855254,0.5923034203390939,0.5760359460808786,0.5435355331620891,0.5378664843148987
0.5021885721045782,0.4151625302916353,0.3571563113849797,0.5446101517530089,0.7314319667260842,0.3920474862332833,0.4965780320879614,0.5813315030885381,0.5965829277057267,0.5797969712098517,0.5454784956859646,0.5376527908368237
0.5105879569383651,0.4175649703350881,0.3564566907946075,0.5403911564625851,0.7369776193305604,0.3931202174068511,0.5029357866786343,0.588953509373984,0.6051746104341577,0.5878848394075552,0.5518342883488112,0.543123343875545
0.5160889624985212,0.4174396256371688,0.3537658423700993,0.5389521193092622,0.7433815276952531,0.3918567784690934,0.5065634466509593,0.5953473250731496,0.6127209173173043,0.5953070394408386,0.5586181913982743,0.5473544747414308
0.5175085768366261,0.4160608339600568,0.3513171703037968,0.5396389324960754,0.7471446491054333,0.3899735392977187,0.5093309398257228,0.597623089983022,0.6174904446114143,0.5994341820602429,0.561186853717974,0.5483802034361912
0.5088134390157341,0.4128227625971421,0.3511288109140812,0.5446101517530089,0.7425232719350366,0.3880426231852965,0.5061894610868021,0.5942997507495575,0.6165104047564601,0.5978365784656348,0.5581900810116578,0.5444055047439952
0.5086359872234709,0.413010779644021,0.3514786212092672,0.5445120355834642,0.741995114544134,0.3883048463610575,0.5058902726354764,0.5942997507495575,0.6175231126065793,0.5983025461807289,0.5585193966936706,0.5426104795281648
0.515556607121732,0.4164368680538146,0.352689503000296,0.5399005756148614,0.7443718228031954,0.3908078857660492,0.5098545196155428,0.5992847595997544,0.623142007774983,0.6026959560659011,0.5628992952644405,0.5464142234379008
0.526203714657518,0.4190273251441463,0.3512364448510616,0.5349293563579279,0.7520961246451442,0.3916422322343798,0.5143049478290138,0.6062565473395224,0.6287609029433864,0.6075886170743884,0.5675426463808206,0.5521839473459271
0.5214125162664143,0.4162279602239492,0.3497833867018271,0.5384615384615384,0.7512378688849277,0.3894014160051491,0.5144919406110925,0.6067261496225119,0.6304923066871386,0.6073223498086203,0.5678060989264309,0.551884776476622
0.5159706613036792,0.4144104621041197,0.3499179291230525,0.5413723181580326,0.7480029048656499,0.3884240387136761,0.5105650921874416,0.6030054546111332,0.6285975629675608,0.6040938592111832,0.5653691628795363,0.5485084195230362
0.5114752158996806,0.4131987966908999,0.3503753733552189,0.543563579277865,0.7449659998679605,0.3879234308326778,0.5076854033434309,0.5997543618827439,0.627715527098102,0.602196704942586,0.5650069156293224,0.5445764595264553
0.5224772270199929,0.4161235063090164,0.3491375830799451,0.5382326007326007,0.7525582623621838,0.3890676774178169,0.5122106286697333,0.6047032474804032,0.6322890464212212,0.6068230986853053,0.5694197457682935,0.5482947260449611
0.5291020939311488,0.4182543661736442,0.3488954067217394,0.5347331240188383,0.7565854624678153,0.3901642470619085,0.5171098395601931,0.6104468446338909,0.6378752735944596,0.6136794807788317,0.5745900019758942,0.5546627916915976
0.5234827871761505,0.4167084482326397,0.3494604848908861,0.5375130821559394,0.7527563213837722,0.3895206083577677,0.51669845543962,0.6099049958458259,0.6377772696089642,0.6136461973706107,0.5738325759072647,0.5545773143003676
0.5162664142907843,0.4150580763767026,0.3506175497134247,0.5407836211407641,0.747276688453159,0.3890915158883406,0.5120610344440705,0.6045226312177149,0.6334650942471661,0.6100848726909635,0.5710333926101562,0.5502607060432516
0.515734058913995,0.4143686805381465,0.3499717460915427,0.5414704343275772,0.7478048458440615,0.3884240387136761,0.5094057369385543,0.6005490734385724,0.6311129985952763,0.6069895157264104,0.5689587038134756,0.5457304043080605
0.5224180764225719,0.417293390156263,0.3507251836504049,0.5373168498168498,0.7506436918201623,0.3904264702376696,0.5130333969108793,0.6047032474804032,0.6349024860344321,0.6094524879347645,0.5722847922018047,0.5490212838704163
0.5248432509168343,0.4188810896632405,0.3516400721147378,0.5354199372056515,0.7508417508417508,0.3917375861164747,0.5177082164628446,0.6099772423509013,0.6391166574107348,0.6144449991679147,0.5780478166370282,0.5551329173433628
0.5198154501360464,0.4173978440711957,0.3519898824099239,0.5379709576138149,0.747606786822473,0.3910462704712866,0.5176708179064289,0.6102662283712025,0.6393453333768907,0.6150773839241138,0.5784759270236449,0.5559876912556629
0.5186324381876257,0.4158519261301913,0.3505637327449345,0.5395081109366824,0.7487291212781408,0.3895206083577677,0.5112756647593404,0.6032944406314344,0.6350331580150926,0.6090198036278914,0.5727458341566226,0.5483374647405762
0.5163255648882054,0.4158310353472048,0.3515862551462476,0.5401622187336473,0.7461543539974912,0.3899735392977187,0.5094431354949699,0.6010547989740996,0.6326483943680377,0.6057247462140123,0.5697819930185076,0.5453884947431404
0.522536377617414,0.4195287039358235,0.3535236660118935,0.5355507587650445,0.7472106687792962,0.3929295096426614,0.5116122517670818,0.604089152187263,0.636045865865212,0.6098851722416375,0.5731080814068367,0.5512436960423968
0.5266177688394653,0.4216386730174646,0.3543847375077362,0.5327708006279435,0.7484650425826896,0.3945266871677513,0.5157634915292271,0.6093270238052235,0.64035804122701,0.6149442502912298,0.578245406046236,0.5573125908197282
0.5240742931503609,0.4203225536893122,0.3538196593385894,0.5345041862899006,0.7477388261701986,0.3935254714057546,0.5157260929728112,0.6091102842899976,0.6398353533043677,0.6149109668830087,0.5779819535006258,0.5570561586460382
0.5146693481604164,0.4164995404027742,0.3532007642009526,0.5400968079539509,0.7432494883475275,0.3910701089418102,0.5108268820823517,0.6035834266517358,0.6346738100682762,0.6090198036278914,0.5733386023842456,0.5517565603897769
0.5073938246776293,0.4138255201804963,0.3530662217797271,0.54421768707483,0.7393543275896216,0.389496769887244,0.5066756423202065,0.5990318968319908,0.6309169906242854,0.6046929605591612,0.570078377132319,0.5470553038721258
0.5178043298237313,0.4176276426840478,0.3532276726851976,0.5383634222919937,0.7449659998679605,0.391713747645951,0.5088073600359027,0.6017772640248529,0.6342164581359643,0.6086536861374605,0.573634986498057,0.5510300025643218
0.5300485034898852,0.421116403442801,0.3521513333153944,0.5322475143903715,0.7530864197530864,0.3932394097594698,0.5135195781442836,0.6070873821478887,0.6388553134494136,0.6150108171076718,0.5786405848646512,0.5582101034276434
0.5291020939311488,0.4201136458594467,0.3512902618195517,0.5332940868655155,0.7536805968178516,0.3922858709385206,0.5136317738135308,0.6069067658852003,0.6375812616379732,0.6153103677816608,0.5780807482052295,0.5585092742969485
0.5177451792263101,0.4166457758836801,0.352016790894169,0.5391156462585035,0.7464184326929425,0.3906410164723831,0.5082837802460826,0.600801936206336,0.632256378426056,0.6096854717923115,0.571955476519792,0.5508590477818618
0.5163847154856265,0.4166457758836801,0.3526087775475607,0.5395081109366824,0.7449659998679605,0.3909032396481442,0.5061520625303864,0.5974785969728714,0.6301002907451569,0.6064902646030953,0.5698478561549101,0.5470125651765109
0.5232461847864665,0.4184214924375365,0.3517746145359632,0.5362048665620094,0.7497854360599457,0.3915468783522849,0.5086951643666555,0.6001878409131959,0.6327137303583679,0.6089199534032284,0.5729763551340316,0.5509445251730918
0.5269726724239915,0.4196540486337428,0.3516400721147378,0.5342098377812664,0.7520301049712814,0.3921905170564257,0.5120610344440705,0.6050283567532421,0.636045865865212,0.6122482942253287,0.5763024435223606,0.5551756560389777
0.5275641783982019,0.4195704855017965,0.3512902618195517,0.5341117216117217,0.7528223410576351,0.391975970821712,0.5123602228953963,0.6048477404905539,0.6359805298748815,0.6119487435513395,0.5764671013633669,0.5566287716898881
0.5188690405773099,0.4168964652795187,0.3518015230202083,0.5386250654107797,0.747276688453159,0.3906648549429068,0.5083211788024983,0.5998988548928946,0.6318643624840744,0.6075220502579464,0.5712968451557664,0.5513291734336269
0.5145510469655743,0.4156847998662989,0.3522051502838845,0.5407836211407641,0.7444378424770581,0.3901642470619085,0.5041325404839374,0.5953473250731496,0.628434222991735,0.6030287901481111,0.5676085095172232,0.5467133943072058
0.5211759138767302,0.4178574412968998,0.3519898824099239,0.5372514390371533,0.748333003234964,0.3913084936470475,0.5071618235536108,0.5983094317812376,0.6302636307209827,0.6047928107838242,0.5698478561549101,0.5493631934353365
0.5291020939311488,0.4202807721233392,0.3514786212092672,0.5331305599162742,0.7534165181224003,0.3924765787027104,0.5125472156774749,0.6031138243687462,0.6340857861553036,0.6100183058745215,0.5753144964763222,0.5546627916915976
0.5270909736188335,0.4192989053229715,0.3511557193983263,0.5344714809000525,0.7526903017099095,0.3917614245869985,0.5120610344440705,0.6019578802875412,0.6337264382084872,0.6101181560991845,0.5749193176579069,0.5542781434310625
0.5189281911747309,0.4170844823263976,0.352016790894169,0.5384615384615384,0.7470786294315706,0.3908794011776205,0.5069748307715323,0.5961420366289781,0.6282708830159093,0.6052254950906972,0.5693209510636896,0.5485938969142662
0.5193422453566782,0.4158519261301913,0.3502408309339935,0.5393118785975929,0.7495213573644944,0.3893775775346254,0.5035715621377016,0.5930354369107395,0.6254941034268727,0.6023298385754701,0.5660607258117631,0.5449183690913754
0.5263811664497812,0.4176694242500209,0.3493528509539058,0.5359432234432235,0.7544728329042053,0.3900450547092899,0.5055162870713191,0.5957085575985261,0.6281728790304139,0.6048926610084872,0.5681024830402425,0.547952816480041
0.5300485034898852,0.4199047380295813,0.3505906412291796,0.5331632653061225,0.7550670099689707,0.3918567784690934,0.5093309398257228,0.6002962106708088,0.6314723465420927,0.6096189049758695,0.5719225449515906,0.5529959825626122
0.5275641783982019,0.4192362329740118,0.3508597260716304,0.5344060701203559,0.7532844787746749,0.3915945552933323,0.510639889300273,0.6014160314994762,0.6327463983535331,0.6106506906307205,0.5734373970888494,0.5536798016924525
0.5184549863953626,0.4167502297986128,0.3517746145359632,0.5388540031397174,0.7471446491054333,0.3905933395313357,0.5070496278843637,0.5972618574576455,0.6287609029433864,0.6068563820935263,0.5710992557465586,0.5488075903923413
0.5162664142907843,0.4158310353472048,0.3516131636304927,0.5401949241234956,0.7460883343236283,0.3899735392977187,0.5047683159430046,0.594986092547773,0.6261147953350104,0.6046929605591612,0.568761114404268,0.5456876656124455
0.519283094759257,0.4167711205815994,0.3514517127250222,0.5385923600209315,0.7480029048656499,0.3904503087081933,0.5068252365458694,0.5971173644474949,0.6275521871222763,0.6058578798468963,0.5694526773364949,0.5474826908282759
0.5251390039039394,0.419507813152837,0.3523127842208648,0.5348639455782314,0.7501815541031227,0.3923812248206155,0.5097423239462957,0.600801936206336,0.6303616347064781,0.6096189049758695,0.5733056708160442,0.5509017864774767
0.5221223234354667,0.4180872399097518,0.3518553399886984,0.5367935635792779,0.7490592196474548,0.3913800090586188,0.5103407008489472,0.6008741827114114,0.6307209826532946,0.6096521883840905,0.5742277547256801,0.552226686041542
0.5175677274340471,0.4157265814322721,0.3509135430401205,0.5399005756148614,0.7476728064963358,0.3896159622398627,0.5058902726354764,0.5959252971137522,0.627682859102937,0.6050257946413712,0.5702101034051241,0.547867339088811
0.5154974565243109,0.4149536224617698,0.3508328175873853,0.5410779696493982,0.7466164917145308,0.3891391928293881,0.5027861924529714,0.5922768486074487,0.6227499918330012,0.600865368613746,0.5661924520845683,0.5428669117018549
0.527800780787886,0.4187557449653213,0.3501331969970132,0.5347004186289902,0.7543407935564798,0.3909985935302391,0.5045439246045104,0.5940107647292563,0.6248080755284049,0.6039274421700782,0.5686952512678654,0.5467561330028208
0.5302259552821484,0.42130442048968,0.3523127842208648,0.5320512820512822,0.7530204000792236,0.3934301175236597,0.5106024907438573,0.5993208828522921,0.629838946783836,0.6087535363621235,0.5729104919976289,0.5506453543037867
0.5257305098781497,0.4194451408038773,0.3519629739256787,0.5347331240188383,0.7509077705156135,0.3922143555269494,0.511051273420846,0.5998627316403569,0.6301982947306525,0.6084207022799134,0.5737008496344596,0.5523121634327721
0.5217674198509406,0.4155594551683797,0.3487339558162689,0.5388867085295658,0.7526903017099095,0.3885432310662948,0.5050675043943303,0.5945526135173211,0.625102087484891,0.6027625228823431,0.5693538826318909,0.5466279169159757
0.5208801608896251,0.4149327316787832,0.3483572370368378,0.5396062271062271,0.7526242820360467,0.3880426231852965,0.5024496054452299,0.5913376440414695,0.6217699519780472,0.5996671659177899,0.5674767832444181,0.5439781177878451
0.5275050278007808,0.4189019804462271,0.3504830072921993,0.5346677132391419,0.7537466164917145,0.3912369782354764,0.505927671191892,0.594986092547773,0.6247100715429095,0.6028290896987851,0.5704076928143318,0.5470125651765109
0.5267952206317283,0.4199674103785409,0.3521513333153944,0.5340136054421769,0.7513038885587905,0.3925719325848054,0.509293541269307,0.5988512805693025,0.6283035510110745,0.6060575802962223,0.5730092867022327,0.5497478416958714
0.5274458772033598,0.4194660315868638,0.3512095363668164,0.5342425431711146,0.7528223410576351,0.3918806169396172,0.510116309510453,0.5984900480439259,0.629381594851524,0.6067565318688634,0.5741289600210763,0.551884776476622
0.5238968413580977,0.416374195704855,0.3488415897532492,0.5376439037153323,0.7537466164917145,0.3890676774178169,0.5053292942892404,0.5937940252140304,0.6258207833785241,0.6021634215343651,0.5695514720410987,0.5466279169159757
0.517271974446942,0.4149327316787832,0.3499717460915427,0.5406200941915228,0.748663101604278,0.3887339388304847,0.5029357866786343,0.5905790557381786,0.6223579758910196,0.5983358295889498,0.5662912467891721,0.5425677408325498
0.526262865254939,0.4188810896632405,0.3509942684928558,0.5350274725274726,0.7524262230144582,0.39145152447019,0.5060024683047235,0.5935772856988043,0.6251674234752214,0.601764020635713,0.5684317987222552,0.5453884947431404
0.5326511297764107,0.4217013453664243,0.3517207975674731,0.5310701203558348,0.7551330296428336,0.3933824405826123,0.510639889300273,0.5978759527507856,0.6294469308418542,0.6061574305208852,0.572548244747415,0.5505171382169417
0.5289837927363067,0.4201136458594467,0.3513440787880419,0.5333267922553637,0.753548557470126,0.3923097094090443,0.5116122517670818,0.5989957735794531,0.6303616347064781,0.6063904143784323,0.5735032602252519,0.552012992563467
0.5275050278007808,0.4223698504219938,0.3549498156768829,0.5319531658817374,0.7482669835611012,0.3951941643424158,0.5064886495381279,0.5946971065274717,0.6299696187644965,0.6070893659510733,0.5738325759072647,0.5502607060432516
0.5266769194368863,0.4254199047380296,0.359228264671851,0.5297946101517531,0.7425892916088994,0.3988414503325467,0.5026739967837243,0.5907957952534046,0.6300349547548267,0.6071892161757363,0.5738325759072647,0.5489785451748013
0.5298119011002012,0.4293264811565137,0.3628340015606921,0.5258699633699634,0.7398824849805241,0.4026556056163436,0.504169939040353,0.5914460137990825,0.6324523863970469,0.6108836744882675,0.5774879799776065,0.5519275151722369
0.5305217082692536,0.4308723990975181,0.3644754190996421,0.5244636316064888,0.7382980128078166,0.4042527831414336,0.5082837802460826,0.5957808041036016,0.6380059455751201,0.6159094691296388,0.5832180728446289,0.5585092742969485
0.5324145273867266,0.4327525695663073,0.366063019670102,0.5224686028257457,0.7373737373737372,0.4060406684307134,0.5079097946819253,0.5961059133764404,0.6393453333768907,0.618239307705109,0.585490351050517,0.5626976664672195
0.533006033360937,0.4314364502381549,0.3640987003202109,0.5233516483516485,0.7400805440021125,0.4044196524350998,0.5035341635812858,0.5931799299208902,0.6372219136911569,0.6154435014145448,0.5823618520713957,0.556457816907428
0.5322370755944635,0.4302038940419487,0.3628609100449371,0.5244963369963371,0.7412028784577803,0.4031800519678657,0.4988593440293205,0.5910486580211683,0.6358498578942211,0.6127808287568647,0.5799907791609036,0.5536370629968373
0.5399858038566189,0.4337553271496616,0.3639103409304954,0.5195905285191,0.7442397834554697,0.4056592529023338,0.4956804667339841,0.5903623162229528,0.6378426055992944,0.6160093193543018,0.5834815253902391,0.5582955808188734
0.5492724476517213,0.4406492855352218,0.3685386002206496,0.511643118785976,0.7437116260645671,0.4116427090037903,0.4929129735592206,0.5896398511721996,0.6432981607918723,0.6229988350807122,0.5907594019627215,0.5673989229848705
0.554063646042825,0.4450363499623965,0.3720367031725103,0.506868131868132,0.7421271538918597,0.4156952489928247,0.4827031676577284,0.5812592565834628,0.6406520531834962,0.6239640539191212,0.5931634064414147,0.5726130438499017
0.5561339169525612,0.445203476226289,0.3713101740978931,0.5061486132914704,0.7441737637816068,0.4154568642875872,0.4696884700250571,0.5694108297511108,0.6325830583777073,0.6184057247462139,0.5892116182572614,0.5708607573296863
0.5652431089554004,0.4429472716637419,0.3642601512256814,0.505429094714809,0.7579058559450715,0.4110705857112208,0.4653128389244175,0.5659068742549579,0.6268334912286433,0.6139790314528206,0.58608311927814,0.5686810838533208
0.5829882881817107,0.4422787666081724,0.3553265344563141,0.501046572475144,0.7787680728857198,0.4067319840759017,0.4717453906279218,0.5744319618538453,0.6273888471464506,0.6137460475952736,0.5862148455509452,0.5706898025472263
0.5984265941086006,0.4426548007019303,0.348787772784759,0.4964678178963894,0.7954050306991483,0.40403823690672,0.4807958412805266,0.5846909655745403,0.6326810623632029,0.6167082709269429,0.5892445498254627,0.5758184460210274
0.5948775582633384,0.4379543745299574,0.3443478728843205,0.5011119832548404,0.7989040734138773,0.3993897351545925,0.4870787987583679,0.5894592349095112,0.6342817941262945,0.6166417041105008,0.588684713166041,0.5743225916745022
0.5831065893765527,0.4338806718475808,0.3444555068213007,0.5075876504447934,0.7921700666798706,0.3971012419843143,0.4846852911477617,0.5840768702814001,0.6278461990787626,0.6096854717923115,0.5816702891391689,0.5662022395076503
0.5683189400212942,0.4302665663909083,0.346500551623927,0.5144884877027734,0.7814088598402323,0.3959569953991751,0.4809454355061894,0.5780442871076111,0.6196138642971482,0.60199700449326,0.5745900019758942,0.5590648773399436
0.5571394771087188,0.427885017130442,0.3485725049107984,0.519459706959707,0.7726282432164785,0.3955279029297481,0.4861064362915592,0.5815121193512265,0.6208552481134233,0.6028623731070061,0.5739313706118685,0.5585520129925635
0.5418786229740921,0.4264226623213838,0.3536043914646288,0.5247906855049713,0.7579718756189344,0.3969105342201244,0.4999813007217922,0.5916266300617707,0.6284015549965699,0.6085205525045765,0.5778172956596193,0.560859902555774
0.5343073465041998,0.4226623213838054,0.3522051502838845,0.5298273155416012,0.7553971083382847,0.3941452716393716,0.5081341860204196,0.5966116389119677,0.6301329587403222,0.6089865202196705,0.5759072647039452,0.5566715103855031
0.519105642966994,0.4135330492186847,0.3473347146355246,0.5412087912087913,0.7529543804053607,0.3867791842475386,0.507274019222858,0.5929270671531265,0.6230113357943223,0.6005991013479779,0.5653032997431338,0.5404735447474144
0.5136046374068378,0.408728169131779,0.3436751607781934,0.546474358974359,0.7543407935564798,0.3824167441416959,0.5058154755226448,0.5909402882635552,0.6178497925582307,0.5941421201531036,0.5576302443522361,0.5314984186682622
0.5149651011475216,0.4100025068939583,0.3447245916637516,0.5451007326007327,0.7538126361655773,0.3836086676678825,0.5094805340513856,0.593938518224181,0.6183724804808729,0.5951073389915127,0.5588157808074821,0.5323531925805625
0.5178634804211523,0.412091585192613,0.3460700158760057,0.5426805337519623,0.7537466164917145,0.3853965529571623,0.513332585362205,0.5973702272152585,0.620757244127928,0.5987685138958229,0.5623394586050188,0.5375245747499786
0.519223944161836,0.4124885100693574,0.3459623819390253,0.5419610151753009,0.7546708919257938,0.3855634222508284,0.5137065709263623,0.5978037062457104,0.6201365522197902,0.5994674654684639,0.562602911150629,0.5366270621420635
0.5085176860286289,0.4087490599147656,0.3460161989075156,0.5478479853479854,0.748663101604278,0.38346563684474,0.5091065484872285,0.5925297113752123,0.6151056809643592,0.5945748044599766,0.5574326549430284,0.5311137704077272
0.5055010055601562,0.4068688894459764,0.3449667680219573,0.5501700680272109,0.7482009638872383,0.3819399747312212,0.5062642581996335,0.5900010836975762,0.6120022214236712,0.5909136295556664,0.55334914048607,0.525643217369006
0.5120075712764699,0.4090624216595638,0.3448322256007319,0.5466378859236002,0.7520301049712814,0.3831318982574078,0.506750439433038,0.5901455767077268,0.6139296331384143,0.5916458645365285,0.5549627873279325,0.5270108556286862
0.5201112031231515,0.4131570151249268,0.3464198261711918,0.5412087912087913,0.754604872251931,0.3861593840139217,0.5122480272261491,0.5959975436188274,0.6188951684035151,0.5965718089532367,0.5593097543305012,0.5323959312761775
0.5179226310185733,0.4130943427759672,0.3473347146355246,0.5418628990057561,0.7522941836667326,0.3865169610717776,0.5138561651520251,0.5971173644474949,0.6202672242004509,0.5986020968547179,0.5611209905815715,0.5341054791007779
0.5086359872234709,0.4097309267151332,0.3472270806985443,0.5470630559916275,0.7472106687792962,0.3845622064888316,0.5097797225027114,0.5927103276379005,0.6174577766162491,0.5948743551339657,0.5583218072844629,0.530088041712967
0.5061516621317875,0.4081850087741289,0.3463660092027016,0.5489599686028258,0.7468805704099821,0.3832987675510739,0.5093683383821385,0.5928548206480512,0.6173597726307537,0.5929106340489265,0.5556872818283607,0.5253013078040858
0.5076895776647344,0.4102323055068104,0.3483034200683476,0.5469322344322345,0.7453621179111375,0.3853250375455911,0.5222708403455627,0.6070512588953509,0.6298062787886708,0.6014644699617241,0.5586181913982743,0.5247457047610907
0.5076304270673134,0.4131987966908999,0.3521244248311492,0.5446101517530089,0.740608701393015,0.3887101003599609,0.5358839148808857,0.6219340389408662,0.6415994250432852,0.6129472457979697,0.565336231311335,0.5274382425848363
0.5117709688867857,0.421116403442801,0.3604660549471248,0.5372841444270017,0.7326863405294778,0.3969343726906481,0.5202887168555295,0.6029693313585955,0.6334324262520009,0.6203694458312531,0.5823618520713957,0.5468416103940509
0.513959540991364,0.4291593548926213,0.3698571159486586,0.5303833071690216,0.7223872714068792,0.4056830913728576,0.4801974643778751,0.5547447892208215,0.609552121786286,0.6222000332834081,0.6055456760850952,0.5774425164543978
0.517331125044363,0.4350505556948274,0.3759115249038022,0.5248233908948196,0.7169076384762658,0.4117142244153615,0.4422379296159168,0.5090849980132212,0.5845284374897912,0.620901980362789,0.6281367318711717,0.613001111206086
0.550455459600142,0.4370142892955628,0.3633721712455938,0.514161433804291,0.750775731167888,0.4072802688979475,0.4231272672874828,0.4907705089766283,0.5554539217928196,0.6028290896987851,0.6313969571230983,0.6418069920506027
0.5885484443392879,0.4369307261636166,0.3459085649705352,0.503695709052852,0.7934244404832639,0.3994850890366874,0.4217809192565167,0.49629736661489,0.5312796053706184,0.5715759693792645,0.6065006915629323,0.6491153090007693
0.6014432745770731,0.4435739951533383,0.3485994133950434,0.4948979591836735,0.7973196012411697,0.4044911678466709,0.4120572945884289,0.4890365928548206,0.4982195942635001,0.5325678149442503,0.5635249950602649,0.6386443285750919
0.599432154264758,0.4628352970669341,0.3743508328175874,0.4803767660910518,0.7646398626790782,0.4268754916684545,0.3679269980178766,0.4383917927970235,0.4461794779654373,0.5039440838741887,0.5457419482315747,0.6497136507393795
0.6129184904767538,0.4929180245675607,0.4069370072383823,0.4531331763474621,0.7321581831385752,0.4584614651123984,0.2952990014585437,0.353393779575913,0.3822482114272647,0.4855716425361956,0.5503523677797537,0.6872382254893581
0.5996096060570212,0.4969708364669508,0.4182116621370718,0.4536237571951858,0.71089984815475,0.4657798755631839,0.2486256030517222,0.2828089441173283,0.2714057038319559,0.3909801963721085,0.4745768293486135,0.6642448072484828
0.5169762214598368,0.4546252193532213,0.4012324085784248,0.5096153846153847,0.6856143130652934,0.4340985482371451,0.3119413590635402,0.3209912220496334,0.1982620626572147,0.2686303877517058,0.3437726404531384,0.5573980682109583
0.4413226073583343,0.4176276426840478,0.3879934343298442,0.5594911041339613,0.6596685812372086,0.4071372380748051,0.4021092785818468,0.4090235884839071,0.2328248015419294,0.255350307871526,0.309820193637621,0.4919223865287631
0.3760203478055128,0.3951700509735104,0.3888275973414418,0.5951399790685505,0.6221694064831319,0.3946697179908937,0.4836381315681215,0.4949608062709967,0.3189376367972298,0.3170910301214844,0.343245735361918,0.4531583896059492
0.3411806459245238,0.371250104453915,0.3738395716169309,0.6234955520669807,0.6211130917013269,0.3744070180457222,0.5675978907214182,0.5831737889679587,0.3958054294207965,0.3712764187052754,0.3704801422643746,0.417428840071801
0.3543120785519933,0.3627684465613771,0.3569410435110191,0.6265044479330194,0.6491714530930217,0.3620586903144294,0.6168143909645089,0.6387674746234151,0.4416059586423181,0.4095856215676485,0.3982085226898505,0.4152064278998205
0.3763752513900391,0.364523272332247,0.3491914000484353,0.6190149136577708,0.6709579454677493,0.3596510047915325,0.6230973484423502,0.6534335151537045,0.4694717585181798,0.4417706773173572,0.4268919185931634,0.4274724335413283
0.3997397373713475,0.3647739617280855,0.3388316336140786,0.6123757195185767,0.6967056182742457,0.3551932108035948,0.6164030068439359,0.655384170790738,0.4949854627421515,0.4686303877517057,0.4494171112428374,0.4400803487477562
0.4129303205962381,0.3629773543912426,0.3305438204665931,0.6101190476190477,0.7142668515217534,0.3504970321104198,0.5996484535696922,0.6441498392515262,0.5110907843585639,0.4860708936595106,0.463478890864783,0.4470467561330029
0.4341062344729682,0.3671555109885518,0.3263191884401152,0.6009942438513868,0.7312999273783587,0.3509976399914182,0.5847638281162347,0.634757793591735,0.5240599784391232,0.5014478282576136,0.47628927089508,0.45640653047269
0.4601324973382231,0.3767025988134035,0.3267497241880365,0.5863422291993721,0.7452960982372747,0.3566473575055424,0.5803133999027638,0.6368890654914569,0.5449348273496456,0.5221501081710767,0.4954883751564249,0.474014873066074
0.4769904176032178,0.3866883930809726,0.3319430616473374,0.5738487702773417,0.748333003234964,0.3646570836015161,0.5774711096151689,0.641729581331503,0.5693704877331678,0.544549841903811,0.5166633735098466,0.4932900247884434
0.4914231633739501,0.3967995320464611,0.3383741893819121,0.56194400837258,0.7484650425826896,0.3732627714605831,0.5734320655222709,0.6446916880395912,0.5896246447355526,0.563255117324014,0.5321412105644471,0.5056842465167963
0.4938483378682125,0.4021475724910169,0.3441864219788499,0.557070905285191,0.742721330956625,0.3788886505041837,0.5577246718276675,0.6339269587833689,0.5989676913527817,0.5745714761191546,0.5411644602515971,0.5114967091204377
0.4970424701289483,0.4088117322637252,0.3513171703037968,0.5509877027734171,0.7357232455271671,0.3858494838971131,0.5290773776132242,0.6109886934219557,0.6039658946130476,0.582526210683974,0.5491009681881052,0.5189332421574494
0.5083993848337868,0.4166666666666666,0.356268331404892,0.541699372056515,0.7359873242226183,0.3925242556437579,0.511313063315756,0.5967561319221183,0.6108588415928915,0.5913463138625394,0.5582230125798591,0.5291905291050518
0.5154974565243109,0.4213253112726665,0.3590399052821355,0.5360740450026165,0.7365815012873836,0.3964099263391261,0.5114252589850032,0.5972618574576455,0.6170657606742674,0.5988683641204858,0.5654020944477376,0.5382511325754339
0.5198154501360464,0.4225787582518592,0.3586900949869494,0.5339154892726321,0.7393543275896216,0.3969820496316956,0.5076854033434309,0.5947693530325471,0.6180784685243866,0.60033283408221,0.5668840150167951,0.5402598512693393
0.5171536732520998,0.4210328403108548,0.3579366574280871,0.5358451072736788,0.7388261701987191,0.3957662876349853,0.5025244025580613,0.5885922768486075,0.6157917088628272,0.5972041937094358,0.563195679378252,0.5367125395332935
0.5092274931976812,0.419131779059079,0.3590668137663805,0.5395408163265307,0.7330164388987918,0.3951703258718921,0.4978121844496803,0.5834988982407976,0.6132762732351116,0.5951739058079546,0.5606270170585523,0.5328233182323275
0.517271974446942,0.4217013453664243,0.3586900949869494,0.5352891156462585,0.7379679144385026,0.3964814417506972,0.4986349526908262,0.5840768702814001,0.616706412727451,0.5996005991013479,0.5645129421063031,0.5353021625779981
0.5231870341890453,0.424709618116487,0.3599009767779781,0.5313317634746206,0.7398164653066612,0.398722257979928,0.5015894386476683,0.5883032908283062,0.6215739440070563,0.6053586287235813,0.5712309820193637,0.5416274895290196
0.5198154501360464,0.4242082393248098,0.3607889567580658,0.5326399790685505,0.7367795603089721,0.3988176118620229,0.5012902501963424,0.5879781815554672,0.6221292999248637,0.6065901148277583,0.5726470394520188,0.5439353790922301
0.5167396190701526,0.422913010779644,0.360519871915615,0.5345041862899006,0.7354591668317157,0.3979832653936924,0.496091850854557,0.5826319401798938,0.6186664924373592,0.6039274421700782,0.5696502667457024,0.5405162834430294
0.5132497338223116,0.4215342191025319,0.3603046040416544,0.5365319204604919,0.7337426553112827,0.3970774035137906,0.4913048356333446,0.5784055196329877,0.6149096729933684,0.599933433183558,0.567345056971613,0.5367980169245234
0.5215308174612563,0.4248976351633659,0.3608965906950461,0.5316261119832549,0.7376378160691885,0.3992705428019738,0.4932495605669622,0.5816204891088395,0.6183724804808729,0.60266267265768,0.5704406243825331,0.5409009317035645
0.5287471903466225,0.4285535221860114,0.3622958318757904,0.5267857142857143,0.7399485046543869,0.4019642899711555,0.4961292494109727,0.5858469096557454,0.6220966319296986,0.6064902646030953,0.5751169070671145,0.5468416103940509
0.5258488110729919,0.4278641263474554,0.3627532761079569,0.5280939298796442,0.7377698554169142,0.4017974206774893,0.4958674595160627,0.5858107864032077,0.622945999803992,0.6072557829921784,0.5765329644997695,0.5489358064791864
0.5189873417721519,0.4258795019637336,0.3633183542771036,0.5315607012035584,0.733280517594243,0.4008915587975875,0.4911552414076817,0.5804645450276343,0.6189605043938454,0.6029289399234481,0.5728116972930251,0.5455167108299855
0.5153200047320479,0.4247722904654466,0.3635605306353093,0.5334576138147566,0.7309038093351818,0.4003671124460655,0.4865926175249636,0.5765993570061049,0.6145176570513868,0.5988017973040439,0.5683988671540539,0.5414565347465595
0.5200520525257305,0.4272165120748725,0.3645561445523774,0.5302197802197802,0.7323562421601636,0.4022026746763928,0.4879015669995138,0.5766354802586425,0.6161183888144786,0.60099850224663,0.5702101034051241,0.5444482434396103
0.5208801608896251,0.4286997576669173,0.3660899281543471,0.5288134484563056,0.7309038093351818,0.4037521752604353,0.4919406110924119,0.5807535310479356,0.6198425402633041,0.6047262439673823,0.574458275703089,0.5482519873493461
0.5251981545013605,0.4303919110888276,0.3662782875440627,0.5263278388278388,0.7330824585726545,0.4047772294929558,0.4915292269718389,0.5809702705631615,0.6200385482342949,0.6053586287235813,0.5763024435223606,0.5511154799555518
0.5212350644741511,0.4297860783822178,0.3673277184296208,0.5278976975405548,0.7295834158579256,0.4048964218455744,0.4858072478402334,0.5751905501571362,0.6153016889353501,0.600066566816442,0.5720872027925971,0.5463287460466707
0.5181000828108364,0.4291802456756079,0.3679735220515028,0.5292386185243328,0.7270746682511388,0.4048487449045269,0.4819925950858297,0.5706751435899289,0.6113815295155337,0.5968380762190048,0.568991635381677,0.5400034190956492
0.5222997752277299,0.4320840645107378,0.3697763904959233,0.5257718472004187,0.7272067075988644,0.4073041073684712,0.4822543849807397,0.5713253621356067,0.6118062134526805,0.5979031452820769,0.5704735559507345,0.543465253440465
0.5280965337749911,0.4340895796774462,0.3697763904959233,0.5225994243851387,0.7304416716181421,0.4084483539536103,0.4841617113579416,0.5738901130657805,0.6128189213027997,0.600399400898652,0.5733715339524468,0.5487648516967263
0.5250207027090974,0.4340477981114732,0.3710949062239324,0.5235151753008896,0.7270746682511388,0.4089966387756561,0.4827031676577284,0.5726619224795,0.6117082094671851,0.5991346313862539,0.5722847922018047,0.5499615351739465
0.5201703537205726,0.4331494944430517,0.3721443371094907,0.525542909471481,0.7230474681455074,0.4089728003051324,0.4778787538801003,0.567279557851389,0.6058279703374605,0.5941088367448827,0.5672791938352105,0.5455167108299855
0.5147876493552584,0.4326063340854015,0.3738664801011759,0.5274725274725275,0.7179639532580708,0.4094018927745596,0.4736527170051237,0.5613914676877506,0.6009931070530202,0.5895157264103843,0.5640519001514852,0.5418839217027096
0.5182183840056785,0.4346954123840561,0.3750235449237145,0.5248560962846677,0.7184921106489733,0.4111182626522682,0.472792550207562,0.5596936748184806,0.5990003593479469,0.5884839407555332,0.5653032997431338,0.5426532182237799
0.5299893528924643,0.4396674187348541,0.3760729758092727,0.5177263212977499,0.7237736845579983,0.4144079715845431,0.4749990650360896,0.5622945490011921,0.6000457351932312,0.5903810950241304,0.5688599091088717,0.547910077784426
0.5248432509168343,0.4404821592713295,0.379463444824153,0.5185112506541079,0.7167095794546774,0.4163865646380128,0.4732413328845506,0.5598381678286313,0.5982489954591487,0.5889831918788484,0.5690245669498781,0.5493204547397214
0.512244173666154,0.4381215007938497,0.3821542932486613,0.5238422291993721,0.7063444906582161,0.4162435338148704,0.4652380418115861,0.5505544919264531,0.5901146646630296,0.582093526377101,0.5629980899690443,0.5439781177878451
0.5107062581332071,0.4379543745299574,0.3826386459650728,0.5243982208267922,0.7048920578332342,0.4163627261674891,0.4593664684543177,0.5431492251562331,0.581130965992617,0.5751705774671326,0.5556214186919581,0.5396615095307291
0.5154974565243109,0.4422160942592128,0.3859483895272179,0.5197213500784931,0.7035716643559781,0.4202483968628572,0.4579079247541046,0.5402593649532205,0.5777008265002778,0.5727076052587785,0.5551933083053414,0.5423540473544748
0.5183366852005205,0.4466031586863875,0.3902806554906762,0.5155023547880692,0.6998085429457979,0.4246585139097475,0.4580575189797674,0.5394646533973919,0.5762307667178466,0.5725744716258945,0.5565764341697952,0.5453457560475254
0.513959540991364,0.4475641347037686,0.3935365820843312,0.5159602302459446,0.693404634581105,0.426660945433741,0.4548412431280153,0.5348770003251093,0.5710365554865899,0.5687468796804792,0.5533162089178687,0.5457731430036755
0.4988169880515793,0.444326063340854,0.3962543389930845,0.5226975405546834,0.6815871129596619,0.4260173067296002,0.445715995362579,0.5229924502402197,0.5585247133383425,0.5579297720086537,0.5445234802081276,0.538678519531584
0.4919555187507394,0.4448483329155177,0.400021526787396,0.5241692830978545,0.6731365947052221,0.4279958997830699,0.4379370956281088,0.5128418162771375,0.5469602430498841,0.5483441504410052,0.5370809457946387,0.5337208308402428
0.5014196143381048,0.449527868304504,0.4017705782633264,0.5178898482469911,0.6763055390506371,0.4314286395384872,0.4325517035042447,0.506339630820359,0.5385972362876091,0.5419537360625727,0.5331620891786867,0.5354731173604582
0.5063882645214717,0.4540193866466114,0.4052686812151871,0.5130167451596024,0.6747870865517923,0.435528856468569,0.4319533266015932,0.5037748798901853,0.5334030250563524,0.5388583790980196,0.5318118948824343,0.5383793486622789
0.5035490358452621,0.4550430350129522,0.4079326211554503,0.5129840397697542,0.6699016306859443,0.437292903287325,0.4265679344777292,0.4960083805945887,0.5237986344778021,0.5329006490264603,0.5267733649476388,0.5372254038806735
0.4933751330888442,0.454040277429598,0.4112692732018406,0.5166143380429096,0.6601307189542482,0.4382226036377506,0.4171434982609672,0.4837625979843226,0.5104374244552612,0.5218172740888667,0.5182770203517092,0.5326096247542526
0.4822548207736898,0.4538313695997326,0.4160320749132202,0.5198521716378859,0.6481151383112167,0.4402011966912202,0.4070084894723064,0.4710472130910667,0.496063506582601,0.5102013646197371,0.5088256602779425,0.5271818104111462
0.4830829291375843,0.4573201303584858,0.4201490730027177,0.5168759811616955,0.6434937611408198,0.4440153519750173,0.4034556266128128,0.4654481089477297,0.4860671000620692,0.5035446829755367,0.5047750773891853,0.5264979912813061
0.4838518869040578,0.4609342358151583,0.424481338966176,0.5138343799058086,0.6386083052749718,0.4479963765524804,0.401810090130521,0.4627027417548676,0.4787494691450786,0.4983524712930604,0.5027662517289073,0.5291477904094367
0.4784691825387436,0.4620832288794184,0.428383069181713,0.514423076923077,0.6308179837591601,0.4503802236048535,0.3970604734657243,0.4568507748437669,0.4689490705955375,0.491129971709103,0.4978594480669169,0.5300025643217369
0.4669348160416421,0.4599314782318041,0.4308586497322606,0.5192961800104657,0.6213111507229153,0.4502610312522349,0.3871498560155578,0.4442076364555865,0.4550651726503545,0.4775170577467132,0.4867615095830863,0.5235917599794855
0.4618478646634331,0.4586571404696247,0.4315313618383877,0.5216836734693878,0.6176800686604608,0.4498319387828077,0.378099405362953,0.4335874002095148,0.4414752866616576,0.4656015976035945,0.4758282289402621,0.512736131293273
0.4641547379628535,0.4608924542491852,0.4333611387670533,0.5192961800104657,0.6167557932263814,0.4519058857183723,0.3757432963087625,0.4288913773796192,0.4330469439090523,0.4590447661840572,0.4710202199828756,0.5111547995555176
0.4714302614456406,0.4640469624801537,0.4341145763259156,0.5148482469911041,0.6198587178979336,0.4540275095949844,0.3776132241295486,0.4288552541270816,0.4299434843683643,0.456348810118156,0.4693407100046104,0.5152577143345586
0.4661658582751686,0.4629606417648533,0.4351101902429836,0.5171376242804814,0.6156994784445764,0.4538606403013183,0.376753057331987,0.4271935845103493,0.4261866649243737,0.4526210683974038,0.4671342949351248,0.5154286691170186
0.456406009700698,0.4584900142057324,0.4337916745149746,0.5233516483516485,0.6118703373605334,0.4507139621921857,0.3730132016904148,0.422569808185529,0.4173989742249518,0.4434681311366283,0.4579463874069683,0.5073083169501668
0.4514965101147521,0.4551892704938581,0.4317735381965934,0.527276295133438,0.6116062586650821,0.4479486996114329,0.371105875313213,0.419607701477441,0.4122374309888603,0.437011149941754,0.4511624843575051,0.5002136934780751
0.4558736543239086,0.4555444138046293,0.4302397545946237,0.5257718472004187,0.6158975374661648,0.4474719302009582,0.3768278544448184,0.4250984358631651,0.4166149423409885,0.4401065069063072,0.4526114733583613,0.5008120352166852
0.4647462439370638,0.4558786663324141,0.4266340177057826,0.5230900052328624,0.6252723311546841,0.4460654604400581,0.3870376603463106,0.4361521511396886,0.4247492731371076,0.4469296055916125,0.4570901666337351,0.5035473117360458
0.4666982136519579,0.4522018885267819,0.4210101444985604,0.5254120879120879,0.633326731365947,0.4414646356289781,0.3947043644115338,0.4453274572842539,0.4323935840057496,0.4514228657014478,0.4592636501350194,0.5025215830412857
0.4655152017035372,0.4464360324224952,0.4141215725318193,0.5302524856096286,0.6411170528817587,0.4351236024696656,0.3976962489247915,0.4500596033666871,0.4370651073143642,0.4521883840905308,0.458736745043799,0.4979058039148645
0.4729681769785875,0.443218851842567,0.4066141054274413,0.530710361067504,0.6544530270020466,0.4299744928365396,0.4019596843561839,0.4565617888234657,0.444186730260364,0.456714927608587,0.4595271026806297,0.4960680400034191
0.4766355140186916,0.4411297735439124,0.4022280224954928,0.5313317634746206,0.6618472304746814,0.4268516531979308,0.4132914469501477,0.4692771737167215,0.4572539283264186,0.4658345814611416,0.465619442797866,0.4975638943499444
0.4855081036318466,0.4410253196289796,0.398057207437505,0.5289769754055469,0.6719482405756915,0.4249207370855086,0.4256329705673361,0.4856410071162808,0.4737839338799778,0.4796139124646363,0.4747085556214187,0.5018805026070604
0.4860404590086359,0.4374529957382803,0.3932136802733902,0.5316261119832549,0.6782201095926585,0.4207490047438556,0.434945211114851,0.4983202687569989,0.4880925157623077,0.4908304210351139,0.4815253902390832,0.5033336182579707
0.4851532000473205,0.4330241497451324,0.387912708877109,0.5353218210361068,0.6842278999141744,0.4158621182864908,0.4397322263360635,0.5070982191236499,0.4997549900362615,0.4982859044766183,0.4853125205822301,0.5020941960851355
0.4921921211404235,0.430600818918693,0.3815623065952695,0.5352891156462585,0.695913382187892,0.4116903859448378,0.4458281910318262,0.5152259509446231,0.5109601123779034,0.5064403394907638,0.4891984456299809,0.5006410804342252
0.5014787649355259,0.4298069691652043,0.3763420606517235,0.5333267922553637,0.7074668251138839,0.408925123364085,0.4557014099255769,0.5289166636563957,0.5262487341151875,0.5188550507571975,0.4989461898175591,0.5055987691255663
0.5128356796403644,0.4311021977103702,0.3728170492156177,0.5291732077446363,0.7181620122796593,0.4080907768957544,0.4679681364299338,0.5444857855001264,0.5432034236058934,0.5336328840073222,0.5106039649608115,0.513120779553808
0.5150834023423636,0.4289713378457424,0.3691036783897963,0.5302197802197802,0.7239717435795867,0.4052301604329066,0.4749616664796739,0.5538778311599176,0.5562052856816178,0.5439174571476119,0.5178818415332939,0.5169672621591589
0.5203478055128357,0.4263390991894376,0.3632914457928585,0.5308411826268971,0.7340727536805968,0.4011537819733486,0.4763454130670556,0.5580681284542861,0.5633269086276176,0.5492428024629722,0.5211091352170191,0.5144029404222583
0.5183366852005205,0.4230383554775633,0.3599817022307133,0.5339809000523287,0.7369776193305604,0.3978163961000263,0.4778413553236845,0.5609218654047611,0.5695991636993238,0.5531036778166084,0.5233155502865047,0.5141892469441833
0.5185141369927837,0.4223280688560206,0.3589591798294002,0.5344714809000525,0.7383640324816795,0.3969343726906481,0.48330154456038,0.5678575298919916,0.5783868543987456,0.5587285738059576,0.5277283804254759,0.5177792973758442
0.5268543712291494,0.425399013955043,0.3591206307348707,0.5297619047619048,0.7427873506304877,0.3987699349209754,0.4923893937694005,0.5790557381786656,0.5915847244454608,0.5704443334997504,0.5366857669762234,0.5270963330199163
0.5340115935170946,0.4273418567727918,0.3583671931760084,0.5262624280481424,0.7476728064963358,0.3995566044482586,0.4975503945547702,0.5858469096557454,0.6011237790336807,0.5792977200865368,0.5430744912072714,0.5310710317121121
0.5296935999053591,0.4241873485418233,0.356268331404892,0.529925431711146,0.7478708655179243,0.3968151803380295,0.4963536407494671,0.5851244446049922,0.6017771389369835,0.5793310034947577,0.5434038068892841,0.5247457047610907
0.5235419377735716,0.4205941338681373,0.3544385544762263,0.5344387755102041,0.7466825113883936,0.3939545638751817,0.4935861475747037,0.5829570494527327,0.6016464669563228,0.5787651855550009,0.5432062174800764,0.5198307547653646
0.5334792381403053,0.4241873485418233,0.3545461884132067,0.5288788592360022,0.7520961246451442,0.3960523492812701,0.4974755974419388,0.5879420583029296,0.6078533860376989,0.584223664503245,0.5480800895738656,0.5231216343277204
0.5411688158050396,0.4274463106877246,0.3552458090035789,0.5242019884877028,0.7555291476860103,0.3982216500989297,0.5034593664684544,0.5958530506086768,0.6162817287903042,0.5914794474954235,0.5544358822367121,0.530515428669117
0.5458417130013012,0.4273418567727918,0.353012404811237,0.5229918890633177,0.7608767412688981,0.3971727573958855,0.507012229327948,0.5989957735794531,0.6216392799973866,0.5962056914628057,0.5588487123756832,0.534789298230618
0.5411688158050396,0.4235815158352135,0.3502677394182386,0.5272435897435898,0.761602957681389,0.3938115330520393,0.5036089606941172,0.5950583390528484,0.6194178563261573,0.5936095856215676,0.5567410920108016,0.5320540217112574
0.5357269608423045,0.4216804545834378,0.3502946479024837,0.5302197802197802,0.7585660526836997,0.3927388018784715,0.500804068962938,0.5925658346277499,0.6179804645388912,0.5912797470460974,0.5548310610551275,0.5271818104111462
0.5428250325328287,0.4241873485418233,0.3502677394182386,0.5262951334379906,0.7625932527893311,0.3941452716393716,0.5033097722427915,0.5966116389119677,0.6212472640554049,0.5946080878681976,0.5576631759204373,0.5297033934524318
0.5452502070270909,0.4262137544915183,0.3518015230202083,0.5240384615384617,0.7619990757245659,0.3960046723402227,0.5066382437637907,0.6017050175197776,0.6270294991996341,0.6004659677150941,0.5626687742870315,0.534960253013078
0.5423518277534602,0.4254616863040026,0.3521513333153944,0.5254447933019362,0.7599524658348188,0.3957186106939379,0.5086203672538241,0.6041252754398005,0.6292509228708635,0.6036278914960891,0.5655008891523414,0.5363278912727585
0.5369099727907252,0.4223907412049804,0.3506982751661599,0.5293367346938777,0.7587641117052881,0.3933347636415648,0.5064886495381279,0.6008380594588738,0.6268661592238085,0.6020635713097021,0.5623394586050188,0.5325668860586376
0.5341298947119366,0.4217013453664243,0.351048085461346,0.5306449502878074,0.7567835214894038,0.3930963789363275,0.5030105837914657,0.5954556948307625,0.6235993597072949,0.5989682143451488,0.5579924916024501,0.5270108556286862
0.5380929847391459,0.422724993732765,0.3505368242606894,0.5287480376766092,0.7596223674655046,0.3934301175236597,0.504169939040353,0.5972979807101833,0.624612067557414,0.6000332834082209,0.5594744121715076,0.5273955038892213
0.5480302851058796,0.4270911673769533,0.3516669805989829,0.5225667189952904,0.7637816069188618,0.3964337648096498,0.5089195557051498,0.6045948777227902,0.6309823266146157,0.6063904143784323,0.5653691628795363,0.5350884690999231
0.5486217910800899,0.4273209659898053,0.3516938890832279,0.522239665096808,0.7640456856143131,0.3965767956327922,0.5107146864131046,0.6048477404905539,0.6323870504067166,0.6073889166250624,0.5660936573799644,0.5379092230105138
0.5394534484798297,0.4245842734185677,0.3523396927051099,0.5269165358451073,0.7581039149666601,0.3953133566950345,0.5061894610868021,0.5997543618827439,0.6283035510110745,0.6033283408221002,0.5625370480142264,0.5326096247542526
0.5375014787649356,0.4237068605331328,0.3520975163469042,0.5281266352694926,0.757377698554169,0.3946935564614174,0.5012528516399267,0.5952389553155366,0.6245140635719186,0.5996671659177899,0.5600013172627281,0.5265407299769211
0.5419969241689342,0.4243544748057156,0.3508866345558755,0.5263932496075354,0.7613388789859377,0.3945266871677513,0.5036463592505329,0.5979481992558611,0.6256901113978636,0.6017973040439341,0.5626687742870315,0.5277801521497564
0.5448361528451438,0.4275716553856438,0.3537389338858542,0.5230900052328624,0.7594243084439162,0.3976256883358364,0.5081341860204196,0.6019578802875412,0.6302962987161479,0.6066566816442003,0.5673779885398142,0.534575604752543
0.5483851886904059,0.4293891535054733,0.3544654629604714,0.5207025117739404,0.760546642899584,0.3989844811556891,0.5096301282770486,0.603872412672037,0.6326483943680377,0.6086869695456814,0.5686952512678654,0.5377810069236687
0.5403407074411452,0.4258795019637336,0.3535774829803838,0.5256410256410257,0.7571136198587178,0.3965767956327922,0.5055162870713191,0.6000072246505075,0.6281728790304139,0.6047928107838242,0.5645458736745045,0.5353449012736131
0.5369099727907252,0.4241664577588367,0.3529854963269919,0.5279304029304029,0.7559252657291872,0.395361033636082,0.5024870040016456,0.5959975436188274,0.6251674234752214,0.6032617740056581,0.5624382533096226,0.5325668860586376
0.5450136046374068,0.4261301913595721,0.3518015230202083,0.5241692830978545,0.7618670363768403,0.3959569953991751,0.5036089606941172,0.5968283784271937,0.6257227793930287,0.6050923614578133,0.5636896529012712,0.5338917856227028
0.5484443392878269,0.4278432355644689,0.3524473266420903,0.5218799058084772,0.7630553905063708,0.3971965958664092,0.5065634466509593,0.6015244012570892,0.6285648949723956,0.6080878681977034,0.5657643416979516,0.5353876399692281
0.5466698213651958,0.4277387816495362,0.3531200387482173,0.5224358974358975,0.761206839638212,0.3974588190421703,0.5076480047870153,0.6032583173788968,0.6302962987161479,0.6097853220169746,0.567345056971613,0.5373536199675186
0.5415237193895658,0.4244589287206484,0.3512364448510616,0.5264259549973835,0.7606786822473096,0.3947412334024649,0.5052170986199933,0.6001155944081205,0.6266701512528177,0.6068896655017474,0.5652045050385299,0.5335926147533977
0.5415828699869869,0.424939416729339,0.3518284315044533,0.5260334903192047,0.7599524658348188,0.3952895182245107,0.5013276487527581,0.5956724343459886,0.6232400117604783,0.6041937094358462,0.5630310215372456,0.5297461321480469
0.5432982373121968,0.4265897885852762,0.3531469472324624,0.5242673992673994,0.7592922690961905,0.3968151803380295,0.5027487938965556,0.5972257342051078,0.6244813955767535,0.6056248959893493,0.564973984061121,0.5323104538849475
0.5501005560156158,0.4285117406200384,0.3525280520948255,0.5208987441130298,0.7638476265927246,0.3976256883358364,0.5067878379894536,0.6013076617418633,0.627682859102937,0.6094192045265435,0.5684317987222552,0.5356868108385332
0.5478528333136166,0.428344614356146,0.353335306622178,0.5216509680795395,0.761602957681389,0.3978879115115974,0.5068252365458694,0.6016327710147021,0.6284995589820652,0.6100183058745215,0.5683659355858526,0.5370971877938285
0.5396900508695137,0.4257123756998412,0.3537120254016091,0.5259680795395081,0.7565854624678153,0.3965529571622684,0.5030853809042971,0.5976592132355598,0.624122047629937,0.6046263937427193,0.5632615425146545,0.5323959312761775
0.5392168460901455,0.4240828946268906,0.3518284315044533,0.5273744113029828,0.7586320723575625,0.3947889103435123,0.5003178877295337,0.5936495322038797,0.6205939041521022,0.600432684306873,0.5599025225581242,0.5282075391059066
0.5447178516503016,0.424709618116487,0.3501331969970132,0.5253466771323915,0.7637816069188618,0.3944074948151326,0.5006918732936909,0.5941552577394069,0.6205939041521022,0.601364619737061,0.5615491009681881,0.5283784938883666
0.5506329113924051,0.4270284950279936,0.3503753733552189,0.5219126111983255,0.7667524922426883,0.3958378030465566,0.5053292942892404,0.5994292526099051,0.6247100715429095,0.6061907139291063,0.5665876309029836,0.5335926147533977
0.5494498994439844,0.4260675190106125,0.3497026612490918,0.5229918890633177,0.7669505512642767,0.3949796181077022,0.5053292942892404,0.5994653758624426,0.6253634314462122,0.6065901148277583,0.567345056971613,0.5338063082314729
0.5421152253637762,0.4232890448734018,0.3494604848908861,0.5271781789638933,0.7631214101802336,0.3932870867005172,0.5024870040016456,0.5954918180833002,0.6216066120022214,0.602229988350807,0.5638872423104788,0.5290195743225917
0.5393351472849877,0.4222445057240745,0.3493797594381509,0.5287807430664574,0.7616689773552517,0.3926672864669003,0.5003552862859494,0.5926019578802876,0.6180458005292216,0.5974371775669829,0.5583547388526642,0.5235062825882554
0.5414645687921448,0.4220773794601821,0.3481957861313672,0.5283228676085819,0.7643097643097643,0.3920236477627595,0.4984479599087476,0.5906874254957916,0.6175231126065793,0.5970710600765518,0.5570704076928144,0.5237627147619455
0.5445403998580386,0.4258795019637336,0.3517207975674731,0.5244963369963371,0.7617349970291146,0.3957662876349853,0.5048805116122518,0.5989596503269154,0.6233380157459737,0.6030287901481111,0.5633932687874597,0.5314129412770323
0.5441263456760913,0.4252945600401103,0.3511557193983263,0.5250523286237573,0.7621971347461542,0.3951941643424158,0.506339055312465,0.6002239641657334,0.6236646956976251,0.6045931103344983,0.5646117368109069,0.5322249764937174
0.5411096652076187,0.422265396507061,0.3485994133950434,0.5282574568288854,0.7636495675711361,0.3923097094090443,0.5009162646321852,0.5943719972546329,0.6194178563261573,0.600565817939757,0.5602647698083383,0.5276519360629114
0.5427658819354075,0.42130442048968,0.3466081855609074,0.5285518053375197,0.7670165709381395,0.3909032396481442,0.4977373873368488,0.590434562728028,0.6165430727516252,0.5977367282409718,0.557860765329645,0.525814172151466
0.5457234118064593,0.4229547923456171,0.3473885316040148,0.5264586603872319,0.7677427873506305,0.3921666785859019,0.5002430906167022,0.5919878625871473,0.6178824605533959,0.599167914794475,0.5592768227623,0.5279083682366015
0.5489175440671951,0.4246887273335004,0.3481688776471222,0.5242019884877028,0.7685350234369841,0.3935016329352309,0.5032349751299601,0.5957808041036016,0.6212472640554049,0.6019304376768181,0.56237239017322,0.5320540217112574
0.5476753815213534,0.4239366591459848,0.3477652503834459,0.525150444793302,0.7683369644153957,0.3929056711721376,0.5040577433711059,0.597623089983022,0.622455979876515,0.60266267265768,0.5634591319238622,0.5337635695358578
0.5454276588193541,0.4231010278265229,0.3477383418992008,0.5264259549973835,0.767148610285865,0.3924050632911392,0.50271139534014,0.5959975436188274,0.6210839240795792,0.601065069063072,0.5616149641045907,0.5314556799726473
0.5381521353365669,0.4214506559705857,0.3488954067217394,0.5297291993720565,0.761602957681389,0.391975970821712,0.4992707281498935,0.5926380811328252,0.6172617686452583,0.5964053919121318,0.5571692023974182,0.5267116847593811
0.5377380811546196,0.4215342191025319,0.3491914000484353,0.5297619047619048,0.7610087806166237,0.3921666785859019,0.498260967126669,0.5920239858396851,0.6165430727516252,0.5965385255450159,0.5563459131923861,0.5260706043251561
0.5480894357033007,0.4255452494359488,0.3496488442806017,0.5237768184196756,0.7662903545256485,0.3946697179908937,0.5036463592505329,0.5976592132355598,0.622684655842671,0.6021634215343651,0.5620430744912073,0.5312847251901873
0.5496865018336685,0.425628812567895,0.3490299491429648,0.5232862375719519,0.767874826698356,0.3944313332856564,0.5069000336587008,0.6000072246505075,0.6246774035477443,0.6028623731070061,0.5632615425146545,0.5318830669287974
0.5459600141961434,0.4226623213838054,0.3469041788876033,0.5266221873364731,0.7684690037631213,0.3917852630575222,0.5030105837914657,0.5947693530325471,0.6201692202149555,0.598934930936928,0.5595732068761115,0.5277801521497564
0.5402224062463031,0.4202389905573661,0.3463929176869467,0.5300889586603873,0.7658942364824718,0.3901880855324322,0.4974008003291074,0.5896398511721996,0.6161837248048088,0.5956398735230487,0.5563459131923861,0.521369347807505
0.5411096652076187,0.4216386730174646,0.347792158867691,0.5287480376766092,0.7646398626790782,0.3915945552933323,0.4990089382549834,0.5915182603041578,0.6175557806017445,0.5970044932601098,0.5578936968978463,0.5218394734592701
0.5528214834969833,0.4262346452745048,0.3484110540053279,0.5219126111983255,0.7704495939790057,0.3945028486972276,0.5044317289352631,0.5969728714373442,0.6220312959393683,0.6009319354301881,0.5627675689916354,0.5281648004102916
0.555779013368035,0.4269031503300744,0.3478997928046713,0.5206043956043956,0.7726942628903413,0.39464587952037,0.5061146639739706,0.5986706643066142,0.6235013557217994,0.60199700449326,0.5642824211288942,0.5308573382340371
0.5459600141961434,0.4233517172223615,0.347792158867691,0.5260989010989011,0.7673466693074535,0.3925719325848054,0.5017016343169154,0.5942997507495575,0.6206265721472674,0.5982359793642869,0.5606270170585523,0.5268399008462262
0.5384478883236721,0.4210746218768279,0.3482765115841025,0.529925431711146,0.7625932527893311,0.3914992014112374,0.4981113729010061,0.5899649604450384,0.6170004246839372,0.5946080878681976,0.5563459131923861,0.5217967347636551
0.5395125990772507,0.4217431269323973,0.3486532303635336,0.5291077969649399,0.7627252921370568,0.3920474862332833,0.4999439021653765,0.5916266300617707,0.616967756688772,0.5942752537859877,0.5564117763287888,0.5218822121548851
0.5485626404826689,0.4255870310019219,0.3495143018593762,0.5236132914704343,0.7666864725688255,0.3946220410498462,0.5049553087250832,0.5975147202254091,0.6216392799973866,0.598934930936928,0.5613185799907792,0.5286349260620566
0.548799242872353,0.4247931812484331,0.3483572370368378,0.5241692830978545,0.7682049250676701,0.3936446637583732,0.5064138524252965,0.5986706643066142,0.623174675770148,0.60033283408221,0.563063953105447,0.5289340969313617
0.5430616349225128,0.4221400518091417,0.3475499825094852,0.5278322867608582,0.7660262758301972,0.3917852630575222,0.5036463592505329,0.5950222158003107,0.6210512560844141,0.5973373273423198,0.5601659751037344,0.5250448756303958
0.5414054181947239,0.4203225536893122,0.3459623819390253,0.5296964939822083,0.7670825906120022,0.3900450547092899,0.5000560978346237,0.590434562728028,0.6173271046355886,0.5936761524380095,0.5568728182836067,0.5207282673732798
0.5462557671832485,0.4225160859028996,0.3466081855609074,0.5266548927263213,0.7689311414801611,0.3915945552933323,0.5023000112195669,0.5933605461835784,0.6192218483551665,0.5952737560326177,0.5593426858987025,0.5235062825882554
0.5525257305098782,0.42535723238907,0.3473885316040148,0.5226975405546834,0.7715059087608106,0.3935493098762784,0.5062642581996335,0.5989235270743778,0.6240567116396067,0.5991346313862539,0.563557926628466,0.5279938456278315
0.5548917544067195,0.425858611180747,0.3469310873718483,0.5216509680795395,0.7734204793028322,0.3936446637583732,0.508096787464004,0.5998988548928946,0.6257881153833589,0.600898652021967,0.5648422577883159,0.5294042225831267
0.5454868094167752,0.4257541572658143,0.3511019024298361,0.5243328100470959,0.7629893708325081,0.3954087105771294,0.5057780769662292,0.5974063504677961,0.624612067557414,0.600432684306873,0.5639531054468814,0.530130780408582
0.5415828699869869,0.4276134369516169,0.3552727174878239,0.5239730507587651,0.7557272067075987,0.3983170039810246,0.5003926848423651,0.5911209045262436,0.6230113357943223,0.5993343318355798,0.5620760060594086,0.5287631421489017
0.5492132970543003,0.4318333751148993,0.3572370368377149,0.5185439560439561,0.7575757575757575,0.4016067129132995,0.4989341411421519,0.5897843441823503,0.6249060795139002,0.6015643201863871,0.5644141474016993,0.5308145995384221
0.5584407902519816,0.4383930809726749,0.3615154858326831,0.510858189429618,0.7575097379018947,0.4072325919569001,0.5016642357604997,0.5929270671531265,0.6306229786677993,0.6083541354634714,0.5722518606336033,0.5382938712710489
0.5642375487992429,0.4409417564970335,0.362161289454565,0.5072605965463108,0.7598864461609559,0.4089728003051324,0.5045439246045104,0.5972618574576455,0.6358498578942211,0.6142120153103676,0.5783771323190411,0.5449611077869904
0.5590322962261919,0.4367844906827107,0.3591475392191158,0.5119374672946102,0.7607447019211724,0.4052778373739541,0.4989715396985676,0.5941913809919446,0.6331710822906799,0.6119820269595606,0.5752486333399197,0.5405162834430294
0.5533538388737727,0.4350505556948274,0.359524257998547,0.5148809523809524,0.7571136198587178,0.4044434909056235,0.4916414226410861,0.5883032908283062,0.6283688870014048,0.6095523381594274,0.5716261608377792,0.5354731173604582
0.5600970069797705,0.4406910671011949,0.3636950730565347,0.508601517530089,0.7557272067075987,0.4095210851271782,0.4858820449530648,0.5834988982407976,0.6298062787886708,0.6130138126144117,0.5749193176579069,0.539105906487734
0.5706258133207146,0.4486922369850422,0.3691844038425316,0.4994440083725798,0.7548689509473823,0.4165295954611552,0.4810950297318523,0.581873351876603,0.6325177223873771,0.617973040439341,0.5819008101165778,0.5485938969142662
0.5770140778421863,0.4524107963566475,0.3710949062239324,0.4947344322344323,0.7561233247507757,0.4194855658060979,0.4732787314409664,0.5750099338944479,0.6297082748031754,0.6175736395406889,0.5838108410722519,0.5533806308231474
0.583461492961079,0.4522227793097685,0.3679197050830127,0.4931318681318682,0.7635835478972733,0.4179837421631028,0.4668461797374622,0.569699815771412,0.6235993597072949,0.6124147112664337,0.5793650793650794,0.5496196256090264
0.5830474387791317,0.4461226706776969,0.3602507870731641,0.4980049712192569,0.7727602825642041,0.4110944241817445,0.4646022663525188,0.5679658996496045,0.6168697527032766,0.6052254950906972,0.5732068761114405,0.5443627660483802
0.5951141606530226,0.4451408038773293,0.3534967575276485,0.4954212454212455,0.787812768204925,0.4075424920737086,0.4696884700250571,0.5728064154896507,0.6177191205775703,0.6052254950906972,0.5735691233616546,0.5468416103940509
0.6080681414882291,0.4443051725578674,0.3465274601081721,0.4925104657247515,0.8035914702581368,0.4039667214951489,0.480608848498448,0.5842936097966261,0.6244813955767535,0.6110168081211516,0.5779490219324244,0.5526540729976921
0.6026854371229149,0.4412760090248182,0.3450744019589377,0.4963697017268446,0.8023370964547434,0.4016067129132995,0.4864056247428849,0.5891341256366723,0.62604945934468,0.6114827758362456,0.5781136797734309,0.552269424737157
0.5878386371702354,0.4369725077295897,0.3462852837499664,0.5038265306122449,0.7925661847230474,0.399699635271401,0.4822917835371555,0.5821984611494418,0.6183724804808729,0.6031619237809951,0.5716590924059803,0.5463714847422857
0.5697385543593991,0.4334210746218768,0.3499179291230525,0.5116104133961277,0.778041856473229,0.3992705428019738,0.4806462470548637,0.577213452299245,0.6135049492012676,0.5974371775669829,0.5660607258117631,0.5380374390973588
0.5560747663551402,0.4313946686721818,0.3535505744961386,0.5170068027210886,0.7658942364824718,0.3997234737419247,0.491791016866749,0.5840768702814001,0.6187644964228546,0.60033283408221,0.5663900414937759,0.5353449012736131
0.5552466579912457,0.4288668839308097,0.3506713666819148,0.519198063840921,0.7689971611540237,0.3970058881022194,0.500953663188601,0.5923852183650616,0.6237953676782856,0.6030953569645532,0.5666864256075874,0.5340627404051629
0.5509286643795103,0.424709618116487,0.3472808976670344,0.5236459968602826,0.7707796923483198,0.3931202174068511,0.5077228018998468,0.5987790340642272,0.624612067557414,0.602363121983691,0.5656326154251465,0.530173519104197
0.5386844907133562,0.417481407203142,0.343540618356968,0.532705389848247,0.7684690037631213,0.3873513075401082,0.5084707730281611,0.5983455550337752,0.6197118682826436,0.5959394241970377,0.5601659751037344,0.5217539960680401
0.5234236365787295,0.4116737695328821,0.3430024486720663,0.541437728937729,0.7606126625734468,0.3837993754320722,0.5037959534761959,0.5918433695769967,0.6119695534285061,0.5877849891828922,0.5524929197128368,0.5119240960765877
0.5289837927363067,0.4128854349461018,0.3420337432392433,0.5389521193092622,0.7649039413745296,0.3840615986078333,0.5040577433711059,0.5917349998193837,0.6107281696122309,0.5859211183225163,0.551340314825792,0.5108128899905976
0.5370874245829883,0.4166666666666666,0.343217716546027,0.5337846677132392,0.7680068660460816,0.386755345777015,0.5080593889075882,0.5966116389119677,0.6139623011335795,0.5896821434514894,0.5546005400777185,0.5160697495512436
0.5323553767893056,0.4162070694409626,0.3447784086322418,0.5354526425954997,0.7634515085495477,0.3871605997759184,0.5094805340513856,0.5983094317812376,0.6146483290320474,0.5915792977200864,0.5554567608509517,0.5181212069407642
0.5282739855672542,0.4134703768697251,0.3431100826090467,0.5386904761904762,0.7632534495279591,0.3848721066056402,0.506750439433038,0.5954918180833002,0.6121328934043319,0.5900482609419204,0.5533162089178687,0.5148303273784085
0.5233053353838873,0.4112350630901646,0.3424911874714098,0.541830193615908,0.761206839638212,0.3833226060215977,0.5040203448146903,0.5937217787089549,0.6096174577766162,0.5883175237144284,0.5506816834617665,0.5109838447730576
0.526026262865255,0.4126347455502632,0.3430562656405565,0.5399986917844062,0.7619990757245659,0.3843714987246418,0.5044317289352631,0.5936495322038797,0.6098134657476071,0.5897154268597105,0.5516037673714023,0.5117531412941277
0.5302851058795695,0.4149118408957967,0.3440518795576245,0.5370225013082156,0.7631874298540964,0.3861117070728742,0.5083959759153297,0.5985984178015388,0.6131129332592858,0.5921451156598435,0.5546993347823224,0.5139328147704932
0.5318230214125163,0.4167293390156263,0.3456932970965745,0.5351909994767138,0.7620650953984287,0.3878757538916303,0.5113878604285875,0.6002600874182712,0.6166084087419555,0.5949742053586287,0.5581242178752552,0.5187195486793743
0.5276824795930438,0.4133659229547923,0.3432446250302721,0.5389521193092622,0.7627252921370568,0.3848721066056402,0.5093309398257228,0.5981288155185494,0.6153343569305153,0.5933100349475786,0.5546334716459197,0.5142319856397983
0.5186915887850467,0.4106083396005682,0.3437827947151737,0.5435962846677133,0.7570476001848551,0.3835371522563112,0.5157260929728112,0.6048477404905539,0.6219659599490379,0.5954401730737227,0.550385299347955,0.5039319599965809
0.522654678812256,0.4134494860867385,0.3456125716438393,0.540260334903192,0.7570476001848551,0.3859686762497318,0.5244399566176746,0.614348155907958,0.6308843226291202,0.6028290896987851,0.5530198248040572,0.5009829899991453
0.5267360700343074,0.4227667752987381,0.3557839786884805,0.5318550497121927,0.7468145507361192,0.395790126105509,0.5158756871984742,0.6035834266517358,0.627682859102937,0.6147778332501248,0.5737996443390635,0.5216257799811951
0.5376197799597776,0.4366591459847915,0.3687269596103651,0.5179552590266876,0.7369776193305604,0.409449569715607,0.4844235012528517,0.5668822020734746,0.6130475972689556,0.6288234315193876,0.6079167489955872,0.5631677921189846
0.5408730628179345,0.4442216094259212,0.3769878642736055,0.5111525379382522,0.7286591404238463,0.4174354573410569,0.4449680242342646,0.5209695480981108,0.5869785371271765,0.6304543185222167,0.6339985510109992,0.6004786733908881
0.562640482668875,0.4455586195370602,0.3688076850631004,0.504088173731031,0.7508417508417508,0.4145748408782093,0.418639440517596,0.4917097135426074,0.5531998301264252,0.6121151605924446,0.6404202068102482,0.6291990768441748
0.592334082574234,0.446394250856522,0.3563759653418723,0.495225013082156,0.7826632336436257,0.409544923597702,0.412992258498822,0.4908427554817036,0.5276207899121231,0.5815609918455649,0.6212540341171047,0.6453115650910335
0.6144564060097008,0.4548550179660733,0.3572101283534699,0.4824699110413397,0.7940186175480293,0.4147417101718754,0.4070832865851378,0.4891810858649713,0.5024664336349679,0.545681477783325,0.5814726997299611,0.6426190272672879
0.6186560984265942,0.4648408122336425,0.3681349729569734,0.47350863422292,0.7829933320129397,0.4252544756728408,0.3910393058827929,0.4717335548892822,0.4738166018751429,0.5206190713929106,0.5579595600342488,0.6447559620480383
0.6183011948420679,0.4729255452494359,0.3787369157495358,0.467294610151753,0.7697233775665148,0.4345753176476197,0.3734245858109877,0.4524437380341726,0.4570252523602627,0.5156265601597604,0.5587169861028782,0.6538165655184205
0.627232935052644,0.5004804880086905,0.4101929338320372,0.4432234432234433,0.7361853832442067,0.4642303749791414,0.3166161786155055,0.3884694577899794,0.4108000392015942,0.509901813945748,0.5732727392478429,0.6878793059235832
0.6318466816514847,0.5183003258962146,0.4310201006377311,0.4280154369440084,0.7131445170660856,0.4836348899854585,0.248251617487565,0.3021348842249756,0.3115546698899089,0.4418705275420203,0.5331620891786867,0.6993760150440209
0.564355849994085,0.4836842984875073,0.4171353227672685,0.4737702773417059,0.6925463788208885,0.4577224725261627,0.2751037809940536,0.3029295957808041,0.2100878769069942,0.2967548676984523,0.3915892774813936,0.6095392768612703
0.4777593753696912,0.4364293473719395,0.3956354438554476,0.5347004186289902,0.6705618274245725,0.4212496126248539,0.36422454093272,0.3811003142722971,0.2041096337917742,0.2242636045931103,0.2990186392676019,0.5101718095563723
0.4171891636105524,0.4108381382134202,0.3902537470064312,0.5714612768184197,0.6434277414669571,0.4042527831414336,0.4459029881446577,0.4651591229274284,0.2816634543138088,0.273556332168414,0.3195679378251992,0.4639712795965467
0.3764344019874601,0.3859781064594301,0.3767725963996448,0.6022043432757719,0.6371558724499901,0.3841092755488808,0.530311529974943,0.55384170790738,0.3658815458495312,0.3362289898485605,0.3479878811829019,0.4138815283357552
0.3766118537797232,0.3683671764017715,0.3540349272125501,0.6159406070120357,0.6652142338416848,0.3639657679563279,0.5916825610531434,0.621861792435791,0.4237365652869883,0.3814611416209019,0.3741684779029177,0.395717582699376
0.3940612800189282,0.3672181833375115,0.3445900492425262,0.612015960230246,0.6864725688255099,0.3591265584400105,0.6070159691835896,0.6453419065852689,0.4564372284472902,0.4183058745215509,0.4061779621945597,0.4059748696469784
0.4165385070389211,0.3678657976100944,0.3352258967252374,0.6052786499215072,0.7105697497854361,0.3553600800972609,0.6060810052731965,0.6528916663656396,0.4855117441442619,0.4506573473123647,0.4333794375288151,0.4205060261560817
0.4348751922394416,0.3675524358652962,0.3264806393455857,0.6004709576138149,0.7314979863999471,0.3513075401082267,0.5953102210254685,0.6475815482426037,0.5055372251804907,0.4725578299217839,0.451623526312323,0.4293529361483887
0.4483615284514374,0.3678657976100944,0.320722223717138,0.5965136054421769,0.7460883343236283,0.3489236930558536,0.5808369796925839,0.6382978723404256,0.5174283754206004,0.4867032784157097,0.4636764802739906,0.4343961022309599
0.4672305690287472,0.3748642099105875,0.3211527594650593,0.5857862375719519,0.7560573050769129,0.3531192638680303,0.5744044279890796,0.6380088863201243,0.5356244487275816,0.5053752704276917,0.4806033063294474,0.4483289170014531
0.487874127528688,0.3867719562129188,0.3270995344832226,0.5707744636316066,0.7603485838779955,0.3625354597249041,0.5745166236583268,0.6441859625040639,0.5605501290385809,0.5303711100016641,0.5034578146611342,0.469142661765963
0.5053827043653142,0.3985752486003175,0.3343110082609046,0.5566784406070121,0.761206839638212,0.3724761019332999,0.5714125434758219,0.6480511505255934,0.5820456698572408,0.5519387585288733,0.5223605348086676,0.4861526626207368
0.5079261800544186,0.403568145734102,0.3396119796571859,0.5520669806384092,0.7561893444246385,0.3776728885074733,0.559407606866375,0.6401762814723838,0.5930221162327269,0.5630887002829089,0.5309556741092011,0.4910248739208479
0.5089317402105761,0.4092922202724157,0.3465543685924172,0.5473246991104134,0.7482009638872383,0.3840139216667859,0.5326302404727178,0.6161543185348408,0.5981509914736532,0.5713762689299384,0.5379700981360732,0.495512436960424
0.5205252573050988,0.4178783320798863,0.3523396927051099,0.5373822605965464,0.747606786822473,0.3914753629407137,0.5099293167283744,0.5985261712964636,0.6047172585018458,0.5812947245797969,0.5479812948692617,0.5061116334729464
0.5267360700343074,0.422724993732765,0.3557301617199904,0.5318877551020408,0.7468805704099821,0.3957424491644616,0.5072366206664423,0.5972979807101833,0.6129822612786253,0.5900482609419204,0.5572350655338207,0.5157278399863237
0.5321779249970425,0.4242918024567561,0.3552727174878239,0.529140502354788,0.7505116524724367,0.3964337648096498,0.5082837802460826,0.596792255174656,0.6165104047564601,0.5938092860708936,0.5610221958769678,0.5202581417215146
0.5265586182420442,0.4221818333751148,0.3551112665823534,0.5323456305599162,0.7475407671486103,0.3951464874013683,0.5000560978346237,0.5893147418993606,0.6133416092254419,0.5914461640872025,0.5593097543305012,0.5173519104196941
0.520761859694783,0.420468789170218,0.3555418023302747,0.5352891156462585,0.74377764573843,0.3943836563446089,0.4944089158158495,0.5840768702814001,0.6099768057234328,0.5881511066733233,0.5561812553513799,0.5120950508590478
0.5265586182420442,0.4231845909584691,0.3564028738261174,0.5315934065934066,0.7459562949759028,0.3962907339865074,0.4934739519054564,0.5838962540187119,0.6111855215445429,0.5909469129638875,0.5587828492392808,0.517052739550389
0.5385661895185141,0.42765521851759,0.3566988671528133,0.524757980115123,0.7522941836667326,0.3989844811556891,0.497176408990613,0.5897482209298125,0.6168370847081115,0.5966383757696788,0.5645458736745045,0.5250876143260108
0.5405773098308293,0.4296398429013119,0.3583402846917634,0.5226648351648353,0.7513699082326533,0.4008438818565401,0.4975877931111859,0.5903623162229528,0.6190585083793408,0.5990014977533699,0.5672133306988079,0.5277801521497564
0.5346030994913049,0.4281983788752402,0.3592013561876059,0.5254120879120879,0.7470126097577077,0.4004147893871129,0.4946333071543438,0.5856662933930572,0.6165757407467904,0.5962722582792478,0.5650727787657248,0.5241473630224807
0.5319413226073584,0.4269658226790339,0.3588246374081748,0.5271127681841967,0.7459562949759028,0.3995327659777349,0.4895471034818056,0.5798504497344941,0.6116755414720199,0.5920785488434015,0.5612856484225779,0.5174801265065391
0.532887732166095,0.4270702765939667,0.3585286440814789,0.5267857142857143,0.7468805704099821,0.3994612505661637,0.4888365309099069,0.5793447241989669,0.6113488615203686,0.5924113829256115,0.5616478956727919,0.5174801265065391
0.536555069206199,0.4295980613353388,0.3601162446519388,0.5237768184196756,0.7469465900838449,0.4016067129132995,0.4932869591233779,0.5830654192103457,0.615759040867662,0.5969046430354468,0.5662583152209709,0.5237199760663306
0.5408730628179345,0.4323765354725495,0.3617038452223987,0.5204408686551544,0.7474087278008846,0.4038952060835776,0.4954560753954898,0.584943828342304,0.6179477965437262,0.599767016142453,0.5688599091088717,0.5278228908453714
0.5385661895185141,0.4318333751148993,0.3620805640018298,0.5214874411302983,0.7456922162804515,0.4037521752604353,0.4922024009873219,0.5824513239172056,0.6151056809643592,0.5971376268929938,0.5662583152209709,0.5269681169330712
0.5289246421388856,0.4271747305088995,0.3604660549471248,0.5277995813710099,0.7422591932395853,0.4003671124460655,0.4860690377351434,0.5767438500162555,0.6103361536702493,0.5917124313529705,0.5611209905815715,0.5224805538934952
0.5335383887377262,0.4278223447814824,0.359228264671851,0.5260334903192047,0.7463524130190796,0.4002002431523994,0.4857698492838176,0.5762020012281907,0.6100748097089282,0.5920119820269596,0.5616808272409932,0.5223950765022652
0.5396900508695137,0.4318960474638589,0.3616500282539084,0.5211276818419676,0.7468805704099821,0.4036091444372929,0.4899584876023786,0.5809341473106239,0.614779001012708,0.5969046430354468,0.5673779885398142,0.5291477904094367
0.543357387909618,0.4344447229882175,0.3632645373086134,0.5181187859759289,0.7469465900838449,0.4057546067844287,0.4911552414076817,0.5830292959578081,0.6162163927999739,0.5976368780163088,0.5688928406770731,0.530771860842807
0.5342481959067786,0.4333792930559037,0.3660361111858569,0.5214547357404501,0.7384300521555424,0.4063744070180457,0.4865552189685478,0.5782610266228372,0.6121002254091666,0.5938425694791146,0.5649081209247185,0.5268399008462262
0.5244291967348871,0.4308515083145316,0.3672200844926406,0.5261643118785977,0.7314979863999471,0.4054685451381439,0.4797112831444706,0.5713253621356067,0.6053706184051486,0.5880845398568814,0.559639070012514,0.521369347807505
0.5294569975156749,0.4334001838388903,0.3682426068939537,0.5227956567242281,0.7330164388987918,0.4073756227800424,0.4798234788137178,0.5706028970848536,0.6059913103132861,0.5892161757363954,0.5610880590133702,0.5249593982391657
0.5409322134153555,0.4372023063424416,0.3679197050830127,0.5166470434327578,0.7398164653066612,0.4094018927745596,0.4825535734320655,0.5743958386013076,0.6079840580183595,0.5928773506407056,0.5645458736745045,0.5285067099752117
0.5498639536259317,0.4417773878164953,0.3697494820116783,0.5105638409209838,0.7425892916088994,0.4128346325299769,0.4844608998092674,0.5753711664198246,0.6091274378491391,0.5947412215010817,0.567937825199236,0.5313702025814172
0.5388027919081982,0.4390198044622712,0.3712294486451579,0.5157967032967034,0.7346009110714993,0.4119049321795514,0.4780657466621789,0.5681826391648304,0.6032471987194146,0.5890830421035114,0.5639201738786801,0.5273100264979913
0.5296935999053591,0.4364084565889529,0.3720097946882652,0.5203427524856097,0.7285931207499834,0.4107606855944122,0.4721567747484947,0.5616443304555142,0.5963869197347359,0.583524712930604,0.5583547388526642,0.5235490212838705
0.5319413226073584,0.438706442717473,0.3739472055539111,0.5179225536368394,0.7274047666204528,0.4129299864120718,0.4716331949586746,0.5604522631217715,0.5948188559668094,0.58239307705109,0.5576302443522361,0.5243610565005556
0.5306400094640956,0.4398345449987465,0.3759922503565375,0.5173992673992674,0.7242358222750378,0.4144794869961143,0.4720445790792476,0.5615720839504389,0.5960275717879194,0.583291729073057,0.5591450964894948,0.5293187451918968
0.5357269608423045,0.4438873568981365,0.3788983666550063,0.5128532182103611,0.7234435861886841,0.4180790960451978,0.4714088036201803,0.561030235162374,0.595210871908791,0.582992178399068,0.5606270170585523,0.5332079664928627
0.5342481959067786,0.4445140803877329,0.380405241772731,0.5127551020408164,0.7208027992341717,0.4191041502777182,0.4655746288193276,0.5543474334429073,0.5884812649047729,0.5768014644699616,0.5563788447605875,0.5295324386699718
0.5267360700343074,0.4431352887106209,0.3820197508274359,0.515894819466248,0.7146629695649303,0.419032634866147,0.4583567074310932,0.5462558248744717,0.5804776060893143,0.5696455317024463,0.5507146150299678,0.5243183178049406
0.5195196971489412,0.4441798278599482,0.386621101633345,0.5171049188906333,0.704958077507097,0.4216787050942811,0.4550656344665096,0.5418487880648774,0.575152722877397,0.565951073389915,0.5481788842784694,0.5239764082400206
0.5255530580858867,0.44791927801454,0.3886930549202164,0.5124934589220304,0.7057503135934508,0.4247061908507951,0.4562997868282284,0.5414875555395008,0.5731599751723238,0.565618239307705,0.5482776789830732,0.5282075391059066
0.5284514373595174,0.4507395337177237,0.3910340930495385,0.5094845630559917,0.7045619594639202,0.4273522610789292,0.4546542503459367,0.5391034208720153,0.5695011597138284,0.5629555666500249,0.5466969637094119,0.5310710317121121
0.5195788477463622,0.4509902231135623,0.3953932674972419,0.5117412349555207,0.6942628903413216,0.4294500464850175,0.4480347058603538,0.5309395657985045,0.5607461370095718,0.5555666500249624,0.541625502206415,0.5287631421489017
0.5090500414054182,0.4498621208322887,0.3987299195436321,0.5155350601779173,0.6842278999141744,0.4302605544828244,0.4389468566513333,0.5190911389661526,0.5482342948613245,0.5447495423531369,0.5333926101560956,0.5205145738952047
0.5060925115343665,0.4507604245007102,0.4012324085784248,0.5156658817373103,0.6795405030699148,0.4319054089489619,0.4319533266015932,0.5104576816096521,0.5383685603214531,0.5373939091362956,0.5275307910162682,0.5174373878109241
0.5148467999526795,0.4564844990390239,0.4046228775933052,0.5087650444793302,0.6802667194824057,0.4366492645831843,0.4299712031115599,0.5081096701947043,0.5323249812159028,0.5338991512730903,0.525027991832971,0.5199162321565945
0.5120075712764699,0.4598270243168714,0.4101929338320372,0.5069008372579802,0.6718822209018286,0.4410355431595509,0.4286248550805939,0.5039554961528736,0.5248440103230865,0.528706939590614,0.5220970822630574,0.5214120865031199
0.4986986868567373,0.4589913929974095,0.4151979119016226,0.511250654107797,0.6582821680860895,0.4427757515077832,0.4210329481282023,0.4931907668966514,0.5111887883440595,0.5172574471625894,0.513765395508134,0.5159415334643986
0.4910091091920028,0.4586989220355979,0.4183192960740521,0.5136054421768709,0.6501617482009638,0.4439915135044936,0.408541830285351,0.4795361774374165,0.4946587827905002,0.5036112497919787,0.5024369360468945,0.5079066586887768
0.4880515793209512,0.4601612768446561,0.421521405699217,0.5132783882783882,0.6445500759226248,0.446256168204248,0.4009499233329594,0.4705414875555395,0.4825716245793995,0.4944250291229821,0.4956530329974313,0.5055560304299512
0.4910091091920028,0.4637336007353555,0.4248042407771171,0.5096807953950812,0.6421733676635637,0.4497365849007128,0.4012491117842852,0.4679406133728281,0.4756133416092254,0.4884007322349808,0.4924916024501087,0.5082485682536969
0.4896486454513191,0.4667418734854182,0.4292979576460458,0.5076857666143381,0.6359675183204594,0.4534315478318911,0.3979580388197016,0.4621608929668027,0.467152330861455,0.4809785322016974,0.4868932358558915,0.508633216514232
0.4794155920974802,0.4654466449402524,0.43228479939725,0.511512297226583,0.6265927246319403,0.4540275095949844,0.3898799506339055,0.4519380124986454,0.4537911208389141,0.4695623231818938,0.4781005071461503,0.504188392170271
0.4698923459126938,0.4635246929054901,0.4341145763259156,0.5156658817373103,0.619000462137717,0.4537414479486996,0.3795579490631662,0.4387891485749376,0.4386005030871255,0.4569479114661341,0.4670684317987222,0.4961535173946492
0.4723766710043771,0.4655510988551851,0.4356214514436402,0.5134092098377813,0.6185383244206772,0.4555531717085032,0.3752571150753581,0.4326843188960734,0.4290941164940708,0.4495922782492926,0.4619311071593229,0.495683391742884
0.4769312670057968,0.4683504637753823,0.4371283265613648,0.5099424385138671,0.6192645408331682,0.4578178264082576,0.3754441078574367,0.4323953328757721,0.4242592532096306,0.4458312531203195,0.4591319238622143,0.4971365073937944
0.4739145865373241,0.4697501462354809,0.4403304361865296,0.5096807953950812,0.6136528685548293,0.4600348041669647,0.3758928905344254,0.4318534840877073,0.419816405867172,0.4414711266433682,0.4560034248830929,0.4971792460894094
0.4647462439370638,0.4663031670427007,0.4400613513440787,0.5149136577708007,0.608833432362844,0.4579608572314,0.3720782377800217,0.4255680381461547,0.4122700989840254,0.4334831086703278,0.4500757426068629,0.491494999572613
0.456406009700698,0.4614982869557951,0.4376664962462664,0.5209968602825745,0.607116920842411,0.4541467019476031,0.3686749691461909,0.4209442618213344,0.4048871320767044,0.4258944915959394,0.4418099189883422,0.4831609539276861
0.4601916479356441,0.4599105874488176,0.4338723999677099,0.5211603872318159,0.6139169472502806,0.4515721471310401,0.3724148247877632,0.4239786150344977,0.4055078239848421,0.4251955400232983,0.4398998880326681,0.4815796221899308
0.4674671714184313,0.4605164201554274,0.4313968194171622,0.5187074829931972,0.6209810523536013,0.4508093160742807,0.3803807173043121,0.4329733049163747,0.4125314429453464,0.4316192378099517,0.4437199499440163,0.4841439439268314
0.4702472494972199,0.4592211916102616,0.4284368861502032,0.518936420722135,0.6261966065887634,0.4487592076092398,0.3876734358053779,0.4420041180507893,0.4200450818333279,0.4359127974704609,0.4467496542185338,0.4848705017522866
0.4698331953152727,0.4545834377872483,0.4226515620375105,0.5226648351648353,0.6329966329966329,0.4435624210350664,0.3920490669060175,0.4476754686992017,0.4261213289340433,0.438009652188384,0.4464862016729237,0.4829472604496111
0.4667573642493789,0.4490891618617865,0.416973871861798,0.5278322867608582,0.6382782069056578,0.4379127035209421,0.3953027413141853,0.453455189105227,0.4326222599719055,0.4419703777666832,0.4466179279457288,0.4798273356697154
0.4676446232106944,0.4443887356898136,0.4105427441272233,0.5312663526949242,0.6466627054862348,0.4323821783594365,0.4034182280563971,0.4628833580175559,0.4437620463232172,0.4499916791479447,0.4513600737667128,0.47816052654073
0.4816633147994795,0.4442425002089078,0.4039501654871781,0.5275052328623757,0.6625734468871723,0.4293785310734463,0.4167695126968099,0.4779828775782971,0.4601613798961158,0.4635380262938924,0.4612724757952974,0.4844431147961364
0.4929019283094759,0.4435113228043786,0.3978957565320346,0.5249869178440607,0.6763055390506371,0.4262795299053613,0.4295224204345713,0.49459957374562,0.4773447453529777,0.4765518389083041,0.4713166040966871,0.4896144969655527
0.4889979888796876,0.4384975348876076,0.3932136802733902,0.5299908424908425,0.679804581765366,0.4213449665069489,0.4363663562586485,0.5036303868800347,0.4896932475253994,0.4843068730237976,0.4763551340314826,0.4882895974014873
0.4893528924642139,0.433734436366675,0.3869170949600409,0.5336211407639979,0.6877269426289033,0.415838279815967,0.4380866898537717,0.5083986562150056,0.4991342981281239,0.4907305708104509,0.4781005071461503,0.4842294213180614
0.4956820063882645,0.4322302999916437,0.3821004762801711,0.5330324437467294,0.6971677559912853,0.4128346325299769,0.4472119376192079,0.5199580970270563,0.5122341641893436,0.5023797636878016,0.4850819996048212,0.4861526626207368
0.5053827043653142,0.4332539483579845,0.3790060005919866,0.5295656724228154,0.7064105103320789,0.4120479630026938,0.4598526496877221,0.5355994653758624,0.530201561530169,0.5182226660009985,0.4974313376803003,0.4947004017437388
0.5162072636933633,0.4338597810645943,0.374862094018244,0.5260661957090529,0.7175018155410311,0.4105699778302225,0.4681925277684282,0.5469060434201496,0.545032831335141,0.5301048427358961,0.507113218731476,0.5001709547824601
0.5162072636933633,0.4316244672850338,0.371955977719775,0.5278322867608582,0.7211328976034858,0.4079954230136595,0.472381166086989,0.5532998591193151,0.5542125379765445,0.5369279414212015,0.5133372851215176,0.5003846482605351
0.5105879569383651,0.4272374028578591,0.3688884105158357,0.5328035060177917,0.721727074668251,0.4041574292593387,0.4730169415460564,0.5558646100494888,0.5599621051256084,0.5408886669995008,0.516004742145821,0.4979058039148645
0.5183366852005205,0.4278641263474554,0.3661706536070823,0.530187074829932,0.7293853568363371,0.4032992443204845,0.4772803769774487,0.5629808907994076,0.5700891836268008,0.5488434015643202,0.5229203714680893,0.5011112060859902
0.5266769194368863,0.4293264811565137,0.3642601512256814,0.5267530088958662,0.7363834422657951,0.4032754058499607,0.4855454579453234,0.5726980457320378,0.5815556499297638,0.5603261774005658,0.5312520582230126,0.5089323873835371
0.5335975393351473,0.431060416144397,0.3633452627613486,0.5234824699110413,0.741334917805506,0.4038713676130539,0.4916414226410861,0.5804645450276343,0.5912907124889746,0.5693459810284572,0.5382006191134822,0.5125224378151979
0.5301668046847273,0.4298696415141639,0.3633721712455938,0.5253466771323915,0.7394203472634845,0.4032038904383895,0.492314596656569,0.5807535310479356,0.595178203913626,0.5718422366450323,0.5407363498649805,0.5103855030344475
0.5255530580858867,0.4271120581599398,0.3619191130963593,0.5287807430664574,0.7386281111771308,0.4009869126796825,0.4891731179176484,0.5785138893906008,0.5952762078991213,0.5720419370943585,0.5395837449779358,0.5056842465167963
0.5290429433337277,0.4276343277346034,0.3609773161477814,0.527407116692831,0.7417310358486827,0.4008677203270638,0.4916788211975018,0.5820178448867537,0.6000457351932312,0.5762689299384256,0.5419548178884278,0.508590477818617
0.5397492014669348,0.4304336926548007,0.3597395258725076,0.522239665096808,0.7491912589951806,0.401916613030108,0.4983357642395004,0.5883755373333815,0.6089640978733136,0.5838908304210351,0.5482776789830732,0.5153859304214036
0.5440080444812493,0.4309977437954374,0.3585286440814789,0.520637100994244,0.7530864197530864,0.4017020667953944,0.5026739967837243,0.5937579019614926,0.6139623011335795,0.5897487102679313,0.5541065665546994,0.5193178904179845
0.5359635632319887,0.4281774880922537,0.358555552565724,0.5250850340136054,0.7485970819304151,0.4001048892703044,0.500804068962938,0.5928548206480512,0.614060305119075,0.5892827425528373,0.5530527563722585,0.517223694332849
0.529516148113096,0.4262346452745048,0.3589860883136453,0.5283882783882784,0.7444378424770581,0.3991751889198789,0.4961666479673885,0.5884477838384568,0.6129169252882951,0.5875520053253452,0.5502535730751499,0.512736131293273
0.5336566899325683,0.4269449318960475,0.3580442913650674,0.5266875981161696,0.7478708655179243,0.3991751889198789,0.4979243801189275,0.5897120976772748,0.6151056809643592,0.5891496089199534,0.5510768622801817,0.5126506539020429
0.5402224062463031,0.4302247848249352,0.3592551731560962,0.5222723704866562,0.750049514755397,0.4015828744427757,0.5037211563633645,0.5963948993967417,0.6208879161085885,0.5950407721750706,0.5566422973061977,0.5184203778100692
0.5438897432864072,0.4315200133701011,0.359228264671851,0.520244636316065,0.7521621443190071,0.4022980285584877,0.5060772654175549,0.6000794711555829,0.62484074352357,0.5985355300382759,0.5600013172627281,0.5228652021540303
0.5414645687921448,0.4302247848249352,0.3586900949869494,0.5219453165881738,0.7514359279065161,0.4013444897375384,0.5039455477018587,0.5985622945490012,0.6242527196105976,0.5972707605258778,0.5586511229664757,0.5191469356355244
0.5327102803738317,0.4269867134620205,0.3585017355972338,0.5269165358451073,0.7468145507361192,0.3993897351545925,0.4990089382549834,0.5931076834158148,0.6203325601907812,0.5937427192544517,0.5551603767371402,0.5149158047696385
0.5347214006861469,0.4270076042450071,0.3576137556171461,0.5263278388278388,0.748993199973592,0.3990083196262128,0.4983357642395004,0.5927103276379005,0.6202018882101206,0.5940089865202196,0.5558190081011658,0.517095478246004
0.5377972317520407,0.4289295562797694,0.3586631865027043,0.5239730507587651,0.7494553376906318,0.400581658680779,0.5024496054452299,0.5991402665896037,0.6247427395380746,0.5980695623231818,0.5604294276493447,0.5217967347636551
0.5371465751804093,0.4304545834377872,0.3609234991792912,0.5229591836734694,0.7462863933452168,0.4024410593816301,0.5054040914020719,0.6010909222266374,0.6271601711802947,0.601431186553503,0.563557926628466,0.5229079408496453
0.5346622500887259,0.4289295562797694,0.3601162446519388,0.5248560962846677,0.7458902753020399,0.4012252973849197,0.5019260256554098,0.5968645016797313,0.6242527196105976,0.5977700116491929,0.5610551274451689,0.5179502521583041
0.5288063409440436,0.4266524609342358,0.3598471598094879,0.5282574568288854,0.7429854096520763,0.3998188276240197,0.4970268147649501,0.5912292742838565,0.6194178563261573,0.5930104842735896,0.5567410920108016,0.5132062569450381
0.5281556843724122,0.4278014539984958,0.3616231197696634,0.5275052328623757,0.7404766620452895,0.4012491358554435,0.4973634017726916,0.5912653975363942,0.61886250040835,0.5937427192544517,0.5568398867154054,0.5146166339003334
0.5360818644268308,0.4300576585610429,0.3609234991792912,0.5235478806907379,0.7457582359543143,0.4022265131469165,0.501626837204084,0.5959252971137522,0.6239913756492764,0.5984356798136129,0.5611209905815715,0.5192324130267545
0.5406956110256714,0.4320840645107378,0.3614347603799478,0.5207025117739404,0.7476728064963358,0.4036091444372929,0.5048805116122518,0.6005129501860348,0.6278788670739277,0.602363121983691,0.5648422577883159,0.5250876143260108
0.5321187743996214,0.4302247848249352,0.3629416354976724,0.5245290423861853,0.7410048194361919,0.4032277289089132,0.5023000112195669,0.5966477621645053,0.6247754075332397,0.599866866367116,0.5622077323322137,0.5229934182408753
0.5300485034898852,0.4289086654967828,0.3621881979388101,0.5261316064887493,0.7408067604146035,0.4021311592648216,0.4979991772317589,0.5915182603041578,0.6208225801182582,0.5961724080545848,0.5577619706250412,0.5161979656380887
0.5315864190228321,0.4293891535054733,0.3621074724860749,0.5253139717425432,0.7417970555225456,0.4023695439700589,0.4956804667339841,0.5901455767077268,0.61886250040835,0.5959727076052587,0.5584206019890667,0.5164543978117788
0.5357269608423045,0.4316662488510069,0.3631569033716331,0.5224031920460492,0.7427873506304877,0.404133590788815,0.4990089382549834,0.5937940252140304,0.6227826598281664,0.6,0.5628992952644405,0.5205145738952047
0.5412871169998817,0.4334837469708364,0.3629685439819175,0.5194270015698588,0.7461543539974912,0.4050871296097643,0.5018138299861626,0.5976953364880975,0.6263108033060012,0.6041604260276252,0.5665876309029836,0.5241473630224807
0.5324736779841477,0.4306426004846662,0.3633183542771036,0.5241038723181581,0.7407407407407406,0.4036091444372929,0.4995699166012192,0.5942997507495575,0.6228153278233316,0.6007322349808619,0.5635908581966673,0.5208564834601248
0.5302851058795695,0.4295353889863791,0.3628878185291823,0.5255756148613292,0.7400805440021125,0.4027986364394861,0.4947829013800067,0.5888090163638335,0.6189605043938454,0.5960725578299217,0.5596061384443127,0.5165826138986239
0.533006033360937,0.4295144982033926,0.3616231197696634,0.5248560962846677,0.7431834686736647,0.4022265131469165,0.493810538913198,0.5882310443232309,0.6183398124857078,0.5954734564819437,0.5592438911940987,0.5159415334643986
0.539867502661777,0.4314155594551683,0.3609234991792912,0.5214547357404501,0.7478708655179243,0.4029893442036759,0.498522757021579,0.5926742043853629,0.6217699519780472,0.5993676152438009,0.5630310215372456,0.521369347807505
0.5408730628179345,0.4320213921617782,0.3612733094744773,0.5207025117739404,0.7480029048656499,0.403513790555198,0.5011406559706796,0.5963948993967417,0.6245467315670837,0.60199700449326,0.566521767766581,0.5273100264979913
0.5322962261918845,0.4304128018718141,0.363103086403143,0.5243328100470959,0.7409387997623291,0.4033945982025793,0.498522757021579,0.5935772856988043,0.6220639639345333,0.599534032284906,0.5645788052427057,0.5241473630224807
0.5232461847864665,0.4279267986964151,0.3640179748674757,0.5287807430664574,0.7347989700930877,0.4023933824405826,0.4939601331388609,0.5866777444641115,0.6160857208193133,0.5938758528873357,0.5591450964894948,0.5163689204205487
0.5308766118537798,0.4297651875992312,0.3629147270134273,0.5252158555729984,0.7404106423714266,0.4029416672626285,0.4932869591233779,0.586099772423509,0.6158897128483226,0.5934098851722416,0.5590792333530923,0.5159415334643986
0.5386844907133562,0.4318751566808724,0.3621074724860749,0.5214220303506019,0.7456922162804515,0.403776013730959,0.4965780320879614,0.591301520788932,0.619352520335827,0.5967382259943418,0.5624053217414213,0.5212838704162749
0.5397492014669348,0.4326898972173477,0.3626187336867315,0.520506279434851,0.7456922162804515,0.4044673293761472,0.4999439021653765,0.5944803670122458,0.6217699519780472,0.5990014977533699,0.5640519001514852,0.5246602273698606
0.5318821720099373,0.4299323138631236,0.3626725506552216,0.5248233908948196,0.7412688981316431,0.4029416672626285,0.4971016118777815,0.59086804175848,0.6191891803600014,0.5959061407888168,0.5612197852861753,0.521454825198735
0.5277416301904649,0.4283237235731595,0.362484191265506,0.5272108843537416,0.7391562685680332,0.401916613030108,0.4928755750028049,0.586099772423509,0.6144523210610565,0.5924446663338325,0.5575643812158335,0.5158560560731688
0.5306400094640956,0.4289922286287289,0.3620267470333396,0.5259026687598116,0.741334917805506,0.4021073207942978,0.4918284154231647,0.5857746631506702,0.6144196530658914,0.5920785488434015,0.556675228874399,0.5141892469441833
0.5356678102448835,0.4304128018718141,0.3615962112854183,0.5234170591313448,0.7446359014986464,0.4027271210279148,0.4959048580724784,0.5896398511721996,0.6174904446114143,0.5937427192544517,0.5591121649212936,0.5182921617232242
0.5390393942978825,0.4321885184256705,0.3623227403600355,0.5210622710622711,0.7456922162804515,0.4040620753772438,0.4990463368113991,0.5932160531734277,0.6197445362778087,0.5964386753203527,0.5607587433313574,0.5226942473715702
0.5377380811546196,0.431248433191276,0.3617038452223987,0.5221742543171115,0.7456922162804515,0.4032515673794369,0.4964658364187143,0.5909402882635552,0.6170330926791023,0.5952404726243967,0.5593426858987025,0.5212838704162749
0.5273275760085178,0.4279685802623882,0.3622151064230552,0.5276360544217688,0.739222288241896,0.4016067129132995,0.4908186543999402,0.584727088827078,0.6121002254091666,0.5905807954734564,0.5554567608509517,0.5167108299854689
0.526085413462676,0.4282401604412133,0.363129994887388,0.5277341705913134,0.7374397570476001,0.402178836205869,0.4896219005946371,0.5837517610085613,0.6117735454575153,0.5894158761857213,0.5540736349864981,0.5124796991195829
0.5335975393351473,0.4309768530124508,0.3632645373086134,0.5235478806907379,0.7414669571532316,0.403776013730959,0.494483712928681,0.5881949210706932,0.6155630328966712,0.5932767515393575,0.5585523282618718,0.5174373878109241
0.5387436413107773,0.4333584022729171,0.3639641578989855,0.520244636316065,0.7435135670429788,0.4054685451381439,0.4990837353678148,0.5931438066683524,0.619352520335827,0.5959061407888168,0.562833432128038,0.5235917599794855
0.5354903584526204,0.4316244672850338,0.3631838118558782,0.5225013082155939,0.7426553112827622,0.4041097523182913,0.4969520176521187,0.5905068092331034,0.6177844565679005,0.5939424197037776,0.5602977013765396,0.5204290965039747
0.526026262865255,0.4281148157432941,0.3629954524661626,0.5278649921507065,0.7375717963953258,0.4020358053827266,0.4905568645050301,0.5836795145034859,0.6111855215445429,0.5869196205691463,0.5536125930316801,0.5115821865116676
0.5238376907606768,0.4272374028578591,0.3628609100449371,0.529140502354788,0.7365154816135208,0.4014875205606809,0.4900706832716258,0.5821984611494418,0.610042141713763,0.5861873855882842,0.5530856879404598,0.5111975382511326
0.5291020939311488,0.4282610512241999,0.3618114791593789,0.5269165358451073,0.7407407407407406,0.4016067129132995,0.4936983432439508,0.5855218003829066,0.614321649080396,0.5900149775336994,0.5566422973061977,0.5163689204205487
0.5337749911274104,0.4302456756079217,0.3622151064230552,0.5240711669283098,0.7428533703043506,0.4028939903215809,0.497849583006096,0.5894592349095112,0.6175557806017445,0.5932101847229155,0.560462359217546,0.5205145738952047
0.529634449307938,0.4294727166374195,0.363103086403143,0.5258045525902669,0.7394203472634845,0.4028701518510573,0.4966528292007929,0.5882671675757686,0.615759040867662,0.5916125811283075,0.5589475070802872,0.5191896743311394
0.5214716668638354,0.4283028327901729,0.3653095821112397,0.5289769754055469,0.732224202812438,0.403156213497342,0.4927259807771421,0.5834988982407976,0.6115122014961942,0.5862206689965052,0.5540736349864981,0.513120779553808
0.5160889624985212,0.4262137544915183,0.365067405753034,0.5320839874411304,0.7295173961840627,0.4018689360890605,0.4900706832716258,0.5806812845428602,0.6094867857959557,0.583092028623731,0.551933083053415,0.5097871612958373
0.529575298710517,0.4293682627224868,0.3630223609504077,0.5259026687598116,0.7394863669373473,0.4027747979689623,0.4928381764463892,0.5844381028067767,0.6130802652641208,0.5875852887335663,0.5560495290785747,0.5158987947687836
0.5356678102448835,0.432397426255536,0.3640987003202109,0.5218472004186291,0.7415989965009573,0.4049679372571456,0.4966528292007929,0.5885561535960698,0.6163470647806345,0.5916125811283075,0.5599683856945268,0.5212411317206599
0.5283922867620963,0.4300158769950697,0.3643677851626618,0.5257064364207222,0.7371756783521488,0.4037283367899115,0.4953064811698269,0.5865693747064985,0.6151710169546896,0.5897154268597105,0.5583547388526642,0.5190187195486794
0.5217082692535195,0.42765521851759,0.3643677851626618,0.5294348508634223,0.7334785766158315,0.4023695439700589,0.4902576760537044,0.5816204891088395,0.610270817679919,0.584323514727908,0.5532832773496674,0.5129070860757331
0.5259671122678339,0.4283863959221191,0.3633452627613486,0.5276687598116171,0.737109658678286,0.4023457054995352,0.4892479150304798,0.5808980240580862,0.6096501257717815,0.582992178399068,0.5522953303036291,0.5112402769467477
0.5309949130486218,0.4307679451825854,0.3641525172887012,0.5243982208267922,0.7389582095464448,0.4040620753772438,0.4941471259209395,0.5858830329082831,0.6145176570513868,0.5878515559993344,0.557267997102022,0.5181639456363791
0.5353720572577783,0.4327734603492938,0.364771412426338,0.5216182626896914,0.740608701393015,0.4054923836086677,0.4984853584651633,0.5899288371925009,0.6181111365195519,0.5919454152105175,0.5608904696041626,0.521540302589965
0.5299302022950433,0.4314573410211414,0.3655248499852004,0.5241692830978545,0.7366475209612464,0.4050632911392405,0.4960544522981414,0.5865693747064985,0.6154323609160106,0.5896821434514894,0.5587169861028782,0.5178220360714592
0.5237193895658346,0.4293473719395003,0.3656324839221807,0.5275379382522241,0.7330164388987918,0.4039190445541014,0.4911926399640974,0.5806812845428602,0.6104014896605795,0.5845232151772342,0.5541724296911018,0.5121377895546628
0.5223589258251509,0.4290340101947021,0.3658477517961413,0.5281593406593407,0.7320261437908495,0.4038236906720064,0.49029507461012,0.5799226962395694,0.6088007578974879,0.583325012481278,0.5528222353948495,0.5098298999914523
0.5302851058795695,0.4313528871062087,0.3652288566585044,0.5241365777080064,0.7372416980260117,0.4048725833750506,0.4941845244773551,0.5843658563017015,0.612655581326974,0.5874521551006823,0.5564776394651914,0.5155568852038637
0.5320596238022004,0.4313737778891953,0.364448510615397,0.5236459968602826,0.7391562685680332,0.4045388447877184,0.4959422566288941,0.5867499909691869,0.6152363529450199,0.5897154268597105,0.5585852598300731,0.5186340712881443
0.5273275760085178,0.4304336926548007,0.3653903075639749,0.5256737310308739,0.735393147157853,0.4044196524350998,0.4957926624032313,0.5854134306252936,0.6141583091045703,0.5890164752870694,0.5569716129882105,0.5161124882468587
0.522536377617414,0.4296189521183254,0.3665204639022684,0.5276360544217688,0.7312999273783587,0.4044434909056235,0.4917536183103332,0.5806451612903226,0.6105321616412401,0.5857547012814112,0.5539748402818943,0.5117104025985127
0.5234827871761505,0.4302456756079217,0.3668971826816996,0.526883830455259,0.7313659470522215,0.4049917757276693,0.4907812558435245,0.5799226962395694,0.6097481297572769,0.5849891828923282,0.5532832773496674,0.5115394478160527
0.5325919791789898,0.4353430266566391,0.369318946263757,0.5204081632653063,0.7334785766158315,0.4089728003051324,0.4945959085979282,0.5846909655745403,0.6164124007709647,0.5923448161091696,0.5600013172627281,0.5187195486793743
0.5362593162190938,0.440503050054316,0.3742970158490972,0.5153388278388279,0.7294513765102,0.4140980714677346,0.4967276263136243,0.5880504280605426,0.6221946359151939,0.5992677650191379,0.5665546993347823,0.5244892725874006
0.5290429433337277,0.4417356062505223,0.3791674514974572,0.5163526949241235,0.7194163860830527,0.4169825264011061,0.4925015894386477,0.5830654192103457,0.6210512560844141,0.598934930936928,0.5665546993347823,0.5240191469356356
0.5306991600615166,0.4437411214172307,0.3809972284261227,0.5143576661433805,0.7180959926057965,0.4189134425135283,0.4876023785481881,0.5780804103601488,0.6188298324131849,0.5976701614245299,0.5657314101297504,0.5228224634584153
0.5324736779841477,0.4449110052644773,0.38172375750074,0.5129513343799058,0.7181620122796593,0.419914658275525,0.4868544074198736,0.5785861358956761,0.6208225801182582,0.599400898652022,0.5670157412896002,0.5235062825882554
0.5362001656216727,0.4453706024901813,0.3806205096466916,0.5115450026164313,0.7216610549943883,0.4197001120408115,0.4887243352406597,0.5820539681392912,0.6248734115187351,0.6037277417207522,0.5710333926101562,0.5282075391059066
0.5445403998580386,0.4488802540319211,0.3813201302370638,0.5065083725798012,0.7254241764045685,0.4219886052110897,0.488013762668761,0.5827041866849691,0.6279115350690929,0.6086536861374605,0.5767964170453797,0.534490127361313
0.5511652667691944,0.452933065931311,0.3835266259451605,0.5014717425431712,0.7264144715125106,0.4252783141433646,0.479935674482965,0.5772856988043203,0.6274541831367809,0.6096521883840905,0.578739379569255,0.5368834943157536
0.5518750739382469,0.4563591543411047,0.387616715550413,0.4985936682365254,0.7217930943421139,0.4290686309566378,0.4648640562474289,0.5651844092042048,0.6204632321714416,0.6055583291729072,0.5761377856813541,0.5368407556201384
0.5582633384597184,0.4586153589036517,0.387616715550413,0.4950614861329148,0.7253581567307057,0.4303559083649192,0.4555892142563297,0.5565148285951667,0.6144849890562216,0.6023964053919121,0.5745241388394915,0.5368834943157536
0.5710990181000828,0.4596807888359655,0.3831229986814842,0.4907116692830979,0.7380339341123654,0.4289494386040191,0.4579827218669359,0.5589712097677275,0.6152036849498547,0.6036611749043101,0.5758084699993413,0.5408581930079495
0.5860049686501834,0.4591794100442884,0.3757500739983316,0.4869505494505495,0.7553971083382847,0.4254213449665069,0.4652754403680018,0.5670989415887007,0.6180131325340564,0.6049592278249293,0.5767964170453797,0.5457731430036755
0.5826925351946055,0.453810478816746,0.3703414686650701,0.4920852956567242,0.7602165445302699,0.4199384967460488,0.4672575638580351,0.5699888017917134,0.6156610368821666,0.601630887002829,0.5737008496344596,0.5443200273527653
0.580208210102922,0.4469583019971588,0.3626187336867315,0.49813579277865,0.7682709447415329,0.4126200862952633,0.4692770859044841,0.5710363761153054,0.6121982293946621,0.5970377766683308,0.5696173351775011,0.538763996922814
0.5744706021530818,0.445203476226289,0.3629416354976724,0.5010792778649922,0.7647058823529411,0.411761901356409,0.4722689704177419,0.5707473900950042,0.610042141713763,0.5947412215010817,0.5656655469933478,0.5329515343191726
0.5694428013722939,0.4461226706776969,0.3664397384495331,0.5017660910518054,0.7575757575757575,0.4138358482919736,0.4748868693668425,0.5711808691254561,0.6094541178007906,0.5949076385421868,0.5651057103339261,0.5356013334473032
0.5630545368508223,0.4456630734519929,0.3687538680946102,0.5038919413919414,0.7511718492110648,0.414598679348733,0.4810576311754367,0.5743597153487701,0.6111528535493778,0.5964386753203527,0.5663900414937759,0.5359432430122233
0.5412279664024606,0.4404612684883429,0.371955977719775,0.5139979068550498,0.7350630487885389,0.4130491787646905,0.4879015669995138,0.5787306289058267,0.6127209173173043,0.5972041937094358,0.5658960679707568,0.5307291221471921
0.5221223234354667,0.4324183170385225,0.370314560180825,0.5255756148613292,0.7264144715125106,0.4077331998378984,0.4886495381278283,0.5779359173499982,0.6085394139361668,0.5915460143118655,0.5589145755120859,0.5182494230276092
0.5186915887850467,0.4276343277346034,0.3657132093749159,0.5302851909994767,0.7301775929226909,0.4029655057331522,0.4919406110924119,0.5804645450276343,0.6076900460618732,0.5882176734897654,0.5537443193044853,0.5115394478160527
0.5182775346030996,0.4263390991894376,0.3642332427414364,0.5313971742543172,0.7316960454215355,0.4015828744427757,0.5000560978346237,0.5874363327674024,0.6100748097089282,0.5889499084706273,0.554304155963907,0.5120950508590478
0.5199929019283095,0.4266106793682627,0.3638027069935151,0.530710361067504,0.7332144979203802,0.4015351975017283,0.5028983881222185,0.5902900697178775,0.6106301656267356,0.5891828923281743,0.5543700191003096,0.5117958799897427
0.5135454868094168,0.4236024066182,0.3628878185291823,0.5348639455782314,0.7307717699874562,0.3994135736251162,0.4997943079397136,0.5867499909691869,0.6060239783084512,0.5842902313196872,0.5498913258249358,0.5065817591247115
0.5063291139240507,0.4211999665747472,0.3630492694346527,0.5387231815803245,0.7264804911863735,0.3981262962168347,0.4945585100415124,0.5807896543004734,0.6002417431642221,0.5792311532700948,0.5440624382533097,0.5001709547824601
0.5114752158996806,0.4232263725244422,0.3633183542771036,0.5357142857142858,0.7290552584670231,0.3993897351545925,0.4939975316952766,0.5803200520174836,0.5989676913527817,0.5783657846563488,0.5425146545478496,0.4989315326096248
0.5177451792263101,0.4254616863040026,0.3633183542771036,0.5322475143903715,0.7325543011817521,0.4006770125628739,0.4989341411421519,0.5851244446049922,0.6032145307242496,0.5824263604593111,0.5476190476190477,0.5050431660825713
0.5152017035372057,0.4248140720314197,0.3636412560880446,0.5334576138147566,0.7307057503135934,0.4004386278576367,0.5021504169939041,0.5881587978181556,0.6061546502891119,0.5855882842403061,0.5505499571889614,0.5090178647747671
0.513841239796522,0.4242500208907829,0.3635336221510643,0.5342425431711146,0.730111573248828,0.4000810507997807,0.5010284603014324,0.5870389769894883,0.6044885825356898,0.5846230654018971,0.5488045840742936,0.5069236686896316
0.5070980716905241,0.4220147071112225,0.3637488900250249,0.5378728414442701,0.7260843731431966,0.3988891272735941,0.4949698941620853,0.58006718924972,0.5995557152657542,0.5792311532700948,0.5433050121846802,0.5003419095649201
0.5058559091446824,0.4225578674688727,0.3650404972687889,0.5377747252747253,0.7238397042318611,0.3997711506829722,0.4936983432439508,0.5790557381786656,0.5995883832609193,0.5793975703111999,0.5447869327537378,0.5007265578254553
0.5057967585472614,0.4229339015626305,0.3655248499852004,0.5375130821559394,0.7231795074932329,0.4002002431523994,0.5009910617450166,0.5856662933930572,0.6072000261343962,0.5858545515060741,0.5491668313245076,0.5032908795623557
0.503489885247841,0.4240411130609175,0.3680004305357479,0.5372841444270017,0.7188222090182873,0.4019404515006317,0.51643666554471,0.6013437849944009,0.6207899121230931,0.5949409219504076,0.5517684252124085,0.50008547739123
0.5046728971962617,0.4263808807554106,0.3704760110862956,0.5351255886970173,0.7164455007592261,0.4043481370235286,0.5217846591121583,0.6075569844308782,0.6254941034268727,0.599933433183558,0.5534150036224725,0.4962817334814942
0.5019519697148941,0.4330241497451324,0.3802706993515056,0.5306776556776557,0.7029114676173499,0.4125008939426446,0.4989715396985676,0.5810425170682368,0.6124595733559832,0.6046263937427193,0.568761114404268,0.5117104025985127
0.5112386135099966,0.446582267903401,0.3935096736000861,0.5174973835688121,0.6918861820822605,0.4260888221411714,0.4614233890571824,0.5376946140230466,0.5929241122472314,0.6130470960226326,0.5980372785352039,0.547739123001966
0.5217082692535195,0.4565471713879835,0.4015822188736109,0.5068027210884354,0.6877929623027662,0.4353619871749029,0.4318037323759303,0.5020770870209154,0.5743360229982686,0.6206024296888001,0.6294869261674241,0.5936404820924865
0.5524074293150361,0.4582602155928804,0.3898232112585098,0.4969911041339613,0.7193503664091898,0.4311187394216787,0.4154231646658439,0.4850630350756783,0.5463068831465814,0.6029289399234481,0.634327866693012,0.6243696042396787
0.5848219567017626,0.4573410211414724,0.3739202970696661,0.4887493458922031,0.7569815805109923,0.4235381057951322,0.4079060548262837,0.4831485026911823,0.5195191271111692,0.5686137460475952,0.607422775472568,0.6316779211898453
0.5910919200283923,0.4646736859697501,0.3804859672254662,0.4812598116169545,0.7524262230144582,0.4306419700112041,0.3888327910542653,0.4655564787053426,0.4804155368985006,0.5260775503411549,0.5636567213330699,0.6199247798957176
0.6042825032532829,0.4893665914598479,0.4062912036165003,0.4582679225536368,0.7281309830329437,0.4561729719421202,0.343356146452747,0.4153451576779974,0.428179412629447,0.5016142452987186,0.5540407034182968,0.6406957859646124
0.6238022004022241,0.5203267318459095,0.4372628689825902,0.4286368393511251,0.7010629167491912,0.4875443991513505,0.2768615131455926,0.3350792905393202,0.3598706347391461,0.4786819770344482,0.5575643812158335,0.6818958885374818
0.6086004968650184,0.5168588618701428,0.4397384495331378,0.4355703819989534,0.6895094738231992,0.4866623757419724,0.2425296383559594,0.2760900191453239,0.2459573355983143,0.3688134464969212,0.4675624053217414,0.6511240276946748
0.5082219330415237,0.4649452661485752,0.4185345639480128,0.503957352171638,0.6594705222156202,0.4476626379651481,0.3061071842626875,0.3171621572806415,0.1743164222011695,0.2360792145115659,0.3242112889415793,0.5335498760577828
0.4195551875073938,0.4242500208907829,0.4064526545219707,0.5603414442700158,0.6248101934376444,0.4190803118071945,0.3920490669060175,0.3989090777733627,0.2122439645878932,0.2268929938425694,0.290621089376276,0.4623044704675613
0.3675026617768839,0.4054274254199047,0.4058875763528241,0.5894492412349556,0.5964877533504984,0.4080907768957544,0.4770559856389543,0.4869053209550988,0.3014275913887165,0.2933932434681311,0.3259566620562471,0.4234122574579024
0.3513545486809417,0.3871479903066767,0.3896886688372844,0.6082221350078494,0.6073149798639994,0.390474147178717,0.5653165787800591,0.5805729147852473,0.3825095553885858,0.3549675486769845,0.3583942567345057,0.3939225574835456
0.358925825150834,0.3786036600651792,0.37521190431343,0.612800889586604,0.6292995312603155,0.3791985506209921,0.6013313886083997,0.6251128851641803,0.4242592532096306,0.3943418206024296,0.3862872950009879,0.39105906487734
0.3762569501951969,0.3786245508481658,0.3673546269138659,0.6079931972789117,0.6486432957021192,0.3757419723950512,0.5996484535696922,0.6312177148430445,0.450164973375584,0.4250624063904143,0.4116116709477705,0.3990939396529617
0.3963681533183485,0.3781858444054483,0.3576675725856363,0.6027930402930404,0.671750181554103,0.3711888245250185,0.5904858072478403,0.6298811544991512,0.4755153376237301,0.4504576468630387,0.4318975169597576,0.4082400205145739
0.4124571158168698,0.3776844656137711,0.3497026612490918,0.5987375719518577,0.6904997689311414,0.3673746692412215,0.5771719211638431,0.6238846945778999,0.4950834667276469,0.4700615743052088,0.4495488375156425,0.4198649457218565
0.4417958121377026,0.3848917857441297,0.3456663886123295,0.5850013082155939,0.7118241235888294,0.3697108393525471,0.5730206814016979,0.6258353502149334,0.5160236516284996,0.491595939424197,0.4706579727326615,0.4370031626634755
0.4658701052880634,0.3958803375950531,0.3488415897532492,0.5697278911564626,0.7213309566250742,0.3773868268611886,0.5721605146041363,0.6324097821767872,0.5412760118911503,0.5173572973872524,0.4926562602911151,0.4556799726472348
0.4761623092393234,0.4044873401855101,0.3552458090035789,0.5601452119309263,0.7192183270614643,0.3851104913108775,0.5652791802236434,0.633060000722465,0.5615955048838653,0.5366616741554334,0.5089573865507475,0.4676895461150526
0.4830237785401633,0.4113604077880839,0.3609773161477814,0.5528846153846154,0.7160493827160493,0.3915945552933323,0.5540970118553424,0.6270635408012137,0.5745646989644245,0.5494757863205192,0.5191332411249424,0.4749978630652193
0.4891162900745297,0.4198002841146486,0.3690498614213061,0.5445774463631606,0.7095794546774938,0.399961858447162,0.5365570888963687,0.6136256908572048,0.5847571134559472,0.5616907971376268,0.5304946321543832,0.4844431147961364
0.5005323553767893,0.4304545834377872,0.3776336678954874,0.5330651491365778,0.7053541955502739,0.4098548237145105,0.513743969482778,0.5958169273561392,0.5952762078991213,0.5758029622233316,0.544819864321939,0.5002136934780751
0.5075712764698923,0.4361577671931144,0.3817506659849851,0.5266875981161696,0.704297880768469,0.4149324179360653,0.5014024458655896,0.5868583607267999,0.6017771389369835,0.5853553003827591,0.5533820720542711,0.5104282417300624
0.5057376079498402,0.4360950948441547,0.3825041035438474,0.5272435897435898,0.7023172905525846,0.41521847958235,0.497176408990613,0.5821262146443666,0.6022344908692954,0.5865202196704942,0.554304155963907,0.5114112317292077
0.5055010055601562,0.4346954123840561,0.3808088690364072,0.5283882783882784,0.704297880768469,0.4136689789983074,0.4913796327461761,0.5763103709858035,0.5990656953382771,0.5827924779497421,0.5517354936442074,0.5063253269510215
0.5090500414054182,0.4362622211080471,0.3812124963000834,0.5261643118785977,0.7057503135934508,0.4147655486423991,0.4873031900968623,0.5724813062168118,0.598085655483323,0.5820602429688799,0.5523282618718304,0.5055560304299512
0.5165621672778895,0.4394585109049887,0.3819121168904555,0.5216182626896914,0.7091173169604541,0.4168871725190112,0.489360110699727,0.5749738106419102,0.6025285028257816,0.5872857380595773,0.5573009286702233,0.5112830156423626
0.5202295043179936,0.441422244505724,0.3827731883862982,0.5190345368916799,0.7100415923945335,0.4183889961620062,0.4917162197539175,0.577321822056858,0.6065139982359282,0.5921118322516226,0.5624382533096226,0.5164971365073938
0.5149651011475216,0.4406075039692487,0.3841186125985523,0.5211276818419676,0.7054862348979996,0.4185320269851486,0.488275552563671,0.5739262363183181,0.6049132664728366,0.5901481111665834,0.5612856484225779,0.5151722369433285
0.5115343664971017,0.4387273335004595,0.3832575411027097,0.5235478806907379,0.704627979137783,0.417077880283201,0.4822169864243241,0.5679658996496045,0.6005357551207082,0.5861873855882842,0.5575973127840349,0.5111975382511326
0.510233053353839,0.4394585109049887,0.3847913247046794,0.5233516483516485,0.7019871921832705,0.4181506114567689,0.4811698268446838,0.5669905718310877,0.5998497272222404,0.5848227658512232,0.5568728182836067,0.5116249252072826
0.5169170708624157,0.4425921283529707,0.3857869386217475,0.519067242281528,0.7044959397900574,0.4203914276859997,0.4850966752683346,0.5710002528627678,0.6042599065695339,0.5894824430021635,0.5618454850819996,0.5181639456363791
0.519223944161836,0.4437620122002172,0.3862443828539139,0.5174973835688121,0.7052221562025484,0.4212496126248539,0.4878641684430981,0.5736372502980169,0.6073633661102219,0.5935097353969047,0.5650398471975235,0.5224805538934952
0.5194013959540992,0.4430308347956881,0.3852218604526007,0.5180206698063841,0.7066085693536673,0.4203914276859997,0.486256030517222,0.5722645667015859,0.6059586423181209,0.5926776501913795,0.5639201738786801,0.5210701769381999
0.5079853306518396,0.4401687975265312,0.3867287355703254,0.5234170591313448,0.6983561101208159,0.4194140503945267,0.4799730730393807,0.5654733952245061,0.6007317630916992,0.5886170743884173,0.5599025225581242,0.5153431917257886
0.5092866437951024,0.4408999749310603,0.3870785458655114,0.5224686028257457,0.69868620849013,0.42001001215762,0.478177942331426,0.5626557815265687,0.5982163274639836,0.5870860376102512,0.5584864651254693,0.5143602017266433
0.5166804684727316,0.44501545917941,0.3890159567311573,0.5172357404500263,0.7004027200105631,0.4232043672077999,0.4825909719884813,0.567279557851389,0.6022998268596257,0.5917124313529705,0.5626687742870315,0.5200444482434396
0.5214125162664143,0.4476268070527283,0.390226838522186,0.5138670852956567,0.7015910741400937,0.4252306372023171,0.4838251243502001,0.5702777878120145,0.6051746104341577,0.5959061407888168,0.5660936573799644,0.5238909308487906
0.5162072636933633,0.4454123840561544,0.3897424858057745,0.5170395081109367,0.6992803855548952,0.4237526520298457,0.4805340513856165,0.5667015858107864,0.6020384828983045,0.5937094358462306,0.5639531054468814,0.5211983930250449
0.5114752158996806,0.4438873568981365,0.3899308451954901,0.5195251177394035,0.6964415395787944,0.4229659825025627,0.4758592318336512,0.5614637141928259,0.5978896475123323,0.5894824430021635,0.5602977013765396,0.517309171724079
0.5092274931976812,0.444326063340854,0.39151844576595,0.5198194662480378,0.6932065755595166,0.4239195213235119,0.4730543401024721,0.5580320052017483,0.5957662278265983,0.5870527542020303,0.5592109596258974,0.5161979656380887
0.5188098899798889,0.448378875240244,0.3924064257460378,0.5139979068550498,0.6974318346867366,0.4266371069632172,0.4755974419387412,0.5617527002131272,0.5980529874881578,0.5899816941254784,0.5624382533096226,0.5204718351995897
0.5218265704483614,0.450447062755912,0.3936711245055566,0.5115450026164313,0.6975638740344622,0.4283773153114496,0.4774299712031116,0.5635588628400101,0.6001764071738918,0.5923115327009485,0.5655338207205427,0.5245320112830156
0.5188690405773099,0.4508230968496698,0.3955009014342223,0.5120682888540031,0.6937347329504192,0.4294023695439701,0.4748494708104267,0.5599465375862444,0.5978569795171671,0.5904476618405724,0.5644800105381018,0.5237199760663306
0.512303324263575,0.4493189604746386,0.3965503323197805,0.5150444793301937,0.6887172377368456,0.4289971155450666,0.4681925277684282,0.5529386265939386,0.5911927085034793,0.5843567981361291,0.5587169861028782,0.5191469356355244
0.5092274931976812,0.4485042199381632,0.3969001426149665,0.5165489272632131,0.6866046081732355,0.4286872154282581,0.4639664908934515,0.548350973521656,0.5870765411126719,0.5803960725578299,0.5546005400777185,0.5175228652021541
0.512125872471312,0.4513453664243335,0.3992411807442887,0.5135400313971743,0.6853502343698421,0.4313332856563923,0.4668835782938779,0.5504099989163025,0.5886119368854333,0.583191878848394,0.5579595600342488,0.5219249508505001
0.5147876493552584,0.45427007604245,0.4017974867475715,0.5104984301412874,0.6836997425232718,0.4341462251781925,0.469015296009574,0.5529747498464762,0.5901146646630296,0.5863538026293892,0.56237239017322,0.5281220617146765
0.5107062581332071,0.4542909668254366,0.4036810806447273,0.5116104133961277,0.6790783653528751,0.4350044101170469,0.4646770634653502,0.5486399595419572,0.5852471333834243,0.5823597936428689,0.5592438911940987,0.5253440464997009
0.5054418549627351,0.4529539567142976,0.4043537927508543,0.5141287284144428,0.6753152439426948,0.4345276407065723,0.4566737723923857,0.5390672976194777,0.5767207866453236,0.5745381927109335,0.552756372258447,0.5200444482434396
0.4985803856618952,0.4523481240076877,0.4066948308801765,0.5164835164835165,0.668647256882551,0.4352189563517605,0.451512771607016,0.5328540981830004,0.5709058835059293,0.5691462805791313,0.5490680366199039,0.5178220360714592
0.506920619898261,0.457863290716136,0.4100045744423216,0.5098770277341707,0.6692414339473163,0.4398197811628406,0.4532331052021393,0.5336126864862912,0.570350527588122,0.5701447828257613,0.5500559836659422,0.5219249508505001
0.5095232461847864,0.4611431436450238,0.413045233162016,0.5065737833594977,0.6669307453621178,0.443061813154068,0.4524477355174091,0.5319148936170213,0.5684884518637091,0.5704443334997504,0.5500230520977409,0.5249166595435508
0.5031349816633148,0.4615818500877413,0.4165164276296316,0.5079801151229723,0.6591404238463061,0.4448496984433479,0.4462021765959834,0.5244735035942637,0.5612034889418837,0.5650191379597269,0.5463676480273991,0.5231643730233354
0.4985803856618952,0.4625428261051224,0.4198261711917768,0.5085034013605443,0.652538456460025,0.4468521299673413,0.4382736826358502,0.5148647184192465,0.5500637025905721,0.5571309702113496,0.5395837449779358,0.5185485938969143
0.491245711581687,0.4624592629731762,0.4230551893011866,0.5105965463108321,0.644484056248762,0.4482347612577177,0.4306817756834586,0.5066286168406603,0.5402959720361962,0.5490098186054251,0.5325693209510637,0.5140182921617232
0.4869277179699515,0.4642767610930057,0.4273605467803998,0.5103676085818943,0.636825774080676,0.4511668931321367,0.4282508695164367,0.5016074847379258,0.5340237169644899,0.5446496921284739,0.5296054798129487,0.5152577143345586
0.4894120430616349,0.4685593716052477,0.4317735381965934,0.5063448456305599,0.6327985739750445,0.4555770101790269,0.4286248550805939,0.4995123360907416,0.5303975695011598,0.5416874687968048,0.5310874003820063,0.521454825198735
0.4821956701762688,0.4690607503969249,0.4356752684121303,0.5079474097331241,0.6239519376774278,0.4575794417030203,0.4214443322487752,0.4899396741682621,0.5190617751788573,0.5321351306373772,0.5243364289007443,0.5167963073766989
0.4761623092393234,0.4692278766608172,0.4386352016790895,0.5094518576661434,0.6169538522479698,0.4590097499344442,0.4088410187366768,0.4764295777191778,0.502727777596289,0.5188883341654185,0.5131396957123098,0.5081630908624669
0.4716668638353247,0.4697083646695078,0.4413260501035977,0.5103349031920461,0.6111441209480425,0.4604638966363918,0.4001645536482292,0.465845464725644,0.4897585835157297,0.5083042103511399,0.504742145820984,0.5029917086930508
0.4704838518869041,0.4731344530793014,0.4462503027204478,0.5079801151229723,0.6044761338878986,0.4645879520369972,0.3984068214966902,0.4628833580175559,0.4826369605697299,0.5029455816275586,0.5024369360468945,0.5061116334729464
0.4695965929255886,0.4762889613102699,0.4507171111051314,0.5057561486132915,0.5984683435663828,0.4683782688502705,0.3959759153296683,0.4597406350467796,0.4755806736140603,0.4987851555999333,0.5003951788184153,0.5095307291221473
0.4632083284041169,0.477249937327651,0.4548610176788742,0.5067700156985872,0.5898197662903545,0.4707621159026437,0.3894311679569169,0.4491926453057833,0.4625134755480056,0.4887335663171908,0.4924916024501087,0.5054705530387213
0.4526795220631728,0.4753488760758753,0.4572020558081964,0.5111852433281006,0.5811051693404634,0.4707144389615962,0.3802311230786492,0.4372719719683561,0.4480088856946849,0.4761524380096521,0.4814595271026806,0.4972647234806394
0.4504317993611736,0.4746176986713462,0.4572827812609316,0.5123626373626373,0.5797187561893443,0.4703330234332165,0.3772766371218071,0.4339125094823538,0.4435333703570612,0.4722915626560159,0.4783639596917605,0.4944867082656637
0.4567609132852241,0.4771663741957048,0.4576864085246079,0.5086342229199372,0.5827556611870337,0.4719778778993539,0.3806051086428064,0.4377415742513456,0.4465714939074189,0.4754534864370111,0.4814924586708819,0.4982477134797846
0.4606648527150124,0.4795479234561711,0.4589780157683718,0.505690737833595,0.583349838251799,0.4739087940117762,0.3817644638916938,0.4380305602716468,0.4460161379896116,0.4752870693959061,0.4829085161035368,0.5014531156509103
0.4537442328167514,0.4802791008607002,0.4630681053736243,0.5069989534275249,0.5745032019541823,0.4761257717704832,0.3758928905344254,0.4296138424303725,0.4361504034497404,0.4663338325844566,0.4769479022591056,0.4996580904350799
0.4426830710990181,0.4784824935238573,0.4657858622823776,0.5114795918367347,0.5649963689179375,0.4762926410641493,0.3663188600920005,0.4184156341436983,0.4222338375093921,0.4530537527042768,0.4666403214121056,0.4935037182665185
0.4420324145273867,0.4786078382217765,0.4662433065145441,0.5115450026164313,0.5640060738099953,0.476578702710434,0.3605594824039792,0.4101795325651122,0.4121394270033648,0.4434348477284073,0.4588355397484028,0.4886315069664073
0.4485981308411215,0.4815952201888527,0.4671312864946317,0.5074241234955521,0.566580841090645,0.4786764881165224,0.3610830621937994,0.40913195824152,0.4083826075593741,0.4402396405391912,0.4565632615425147,0.4890161552269425
0.4481249260617532,0.4825353054232472,0.468530527675376,0.5068027210884354,0.5646662705486235,0.4798207347016615,0.3645611279404615,0.412202434707221,0.408121263598053,0.4399733732734232,0.4560363564512942,0.4911530900076929
0.4418549627351236,0.4787958552686554,0.466566208325485,0.5114468864468864,0.5635439360929557,0.4768409258861951,0.3644863308276301,0.4118773254343821,0.4049851360621999,0.4359127974704609,0.4511624843575051,0.486879220446192
0.4371229149414409,0.4744505724074538,0.4631219223421144,0.5161891679748823,0.5651284082656631,0.4728360628382083,0.3627285986760911,0.4094931907668966,0.4003789487439156,0.4303211848893326,0.4450042811038662,0.4802119839302504
0.4368863125517568,0.4713169549594718,0.4591932836423324,0.5186747776033491,0.5698158051099227,0.469307969200696,0.3640001495942256,0.4111187371310913,0.4009996406520532,0.4302213346646696,0.4432589079891985,0.4755962048038293
0.447651721282385,0.4728628729004763,0.4563140758281086,0.5145211930926217,0.5793226381461675,0.4689027152017926,0.3740229627136393,0.4215944803670123,0.4109960471725851,0.437377267432185,0.4477705328327735,0.47858791349688
0.4506684017508577,0.4702306342441715,0.451551274116729,0.5157312925170069,0.5869149006403908,0.4652792676821855,0.3827742249149183,0.431564498067406,0.4211557936689425,0.4445332001997004,0.4519528419943358,0.4805966321907856
0.4533893292322252,0.4658853513829699,0.4446627021499879,0.5183804290947148,0.5968838713936752,0.4597725809912036,0.3910767044392087,0.4414983925152621,0.4302374963248506,0.4499251123315027,0.454356846473029,0.4789725617574152
0.4525612208683308,0.4609342358151583,0.4387159271318247,0.5225013082155939,0.6036838978015447,0.4542897327707454,0.3959759153296683,0.4494093848210093,0.4384371631112999,0.4537859876851389,0.4557070407692815,0.4755107274125994
0.4575298710516976,0.4585735773376785,0.4333880472512983,0.5229591836734694,0.6129926718162012,0.4505947698395671,0.4034556266128128,0.4593071560163277,0.4497402894384372,0.4610750540855383,0.4588355397484028,0.4750406017608343
0.4684135809771679,0.4581975432439208,0.4279525334337917,0.520244636316065,0.6257344688717238,0.4479725380819566,0.4150491791016867,0.4737564570313911,0.4651269151612165,0.474055583291729,0.4669037739577159,0.4779895717582699
0.4778776765645333,0.4576126013202975,0.422866829911471,0.5180860805860806,0.6372218921238528,0.4453979832653936,0.4281012752907738,0.4901202904309504,0.4830943125020417,0.4887668497254118,0.4778041230323388,0.4849132404479016
0.4796521944871644,0.4531628645441631,0.4163549767241611,0.5210622710622711,0.6462005677691952,0.4399628119859829,0.4357679793559969,0.5012101289600116,0.4964881905197478,0.4992511233150274,0.4846868207864058,0.486879220446192
0.4788240861232699,0.4488593632489345,0.4112154562333504,0.5246925693354265,0.6520763187429854,0.4352189563517605,0.4390590523205804,0.5081819166997796,0.5056678971611512,0.5050424363454817,0.4878811829019298,0.4841012052312163
0.4832012303324264,0.4467911757332665,0.406533379974706,0.5250850340136054,0.6602627583019739,0.4319769243605331,0.4460525823703205,0.516598634541054,0.5168076835124629,0.5137959727076052,0.4928209181321215,0.4844003761005214
0.496510114752159,0.4486713462020556,0.4029007346016199,0.5199502878074308,0.6721462995972799,0.4314286395384872,0.455551815699914,0.5289166636563957,0.5316716213126002,0.527009485771343,0.5020417572284792,0.491238567398923
0.5046137465988406,0.4493189604746386,0.4000484352716412,0.5171703296703297,0.68013468013468,0.4305466161291091,0.46362990388571,0.5405122277209841,0.546698899088563,0.5397903145282077,0.5118553645524601,0.4991879647833148
0.50343073465042,0.4469791927801453,0.3975997632053386,0.519328885400314,0.6825113883937413,0.4281389306062123,0.4691274916788213,0.5470505364303002,0.5565319656332692,0.5474787818272591,0.5168609629190543,0.4996153517394649
0.4972790725186325,0.4428845993147823,0.395097274170546,0.5242673992673994,0.6821812900244273,0.4246823523802713,0.4701746512584614,0.5486399595419572,0.5609748129757277,0.5504410051589282,0.5176183889876835,0.4963672108727242
0.5015379155329469,0.4420907495612936,0.3921373409035869,0.5236787022501309,0.6881890803459431,0.4229183055615151,0.4714088036201803,0.5515659429975075,0.5669857240861128,0.5541021800632384,0.5202529144437857,0.4964099495683392
0.5111203123151544,0.4442007186429347,0.3904959233646368,0.5193942961800104,0.695517264144715,0.4233950749719897,0.477766558210853,0.5592963190405664,0.5762634347130117,0.5621567648527208,0.5270038859250478,0.5019659799982905
0.5199929019283095,0.4457466365839391,0.3884508785620106,0.5157312925170069,0.7029774872912127,0.4233712365014661,0.4845730954785145,0.5683271321749811,0.5858678252915619,0.5714761191546014,0.5348745307251531,0.5094452517309171
0.5214125162664143,0.4443887356898136,0.3860560234641983,0.5164181057038201,0.7066745890275302,0.4215356742711388,0.4870040016455365,0.5723368132066612,0.5914867204599654,0.5764686303877516,0.539254429295923,0.5115394478160527
0.5131905832248906,0.4412342274588451,0.3857600301375024,0.5211276818419676,0.7024493299003103,0.4196047581587165,0.4851714723811661,0.5708196366000795,0.5920094083826075,0.5766350474288566,0.5397484028189423,0.5078639199931619
0.5096415473796285,0.4401896883095178,0.3860022064957081,0.5229591836734694,0.7002046609889746,0.4191041502777182,0.4836381315681215,0.5701694180544016,0.5929894482375617,0.5772008653686137,0.5383652769544887,0.5026497991281307
0.5178043298237313,0.4432606334085401,0.3862443828539139,0.5182823129251701,0.7044959397900574,0.420987389449093,0.4881259583380082,0.5761297547231153,0.5986736793962956,0.582859044766184,0.543502601593888,0.5075220104282417
0.5255530580858867,0.4461017798947104,0.3863520167908942,0.5138997906855051,0.7086551792434146,0.4226560823857542,0.493810538913198,0.5830292959578081,0.6059586423181209,0.5900815443501415,0.5498254626885333,0.5143602017266433
0.5235419377735716,0.4445767527366926,0.3853294943895811,0.5156658817373103,0.70878721859114,0.4213211280364252,0.494072328808108,0.5844019795542391,0.6069713501682402,0.5912131802296555,0.5504511624843575,0.5142319856397983
0.5178634804211523,0.4415893707696164,0.3840647956300622,0.5195578231292517,0.7072027464184326,0.4190564733366707,0.4897714948202999,0.5805367915327097,0.6039985626082128,0.5879514062239973,0.5475202529144438,0.5098298999914523
0.5186324381876257,0.4421325311272666,0.3844146059252483,0.518936420722135,0.7071367267445698,0.4195332427471453,0.487340588653278,0.5782249033702995,0.6030511907484238,0.5865202196704942,0.5458078113679774,0.5075647491238569
0.519283094759257,0.4443051725578674,0.3869170949600409,0.5170395081109367,0.7044959397900574,0.421869412858471,0.4920902053180748,0.5824152006646678,0.6080493940086897,0.5905142286570144,0.5494302838701179,0.5114539704248227
0.5291020939311488,0.4465195955544414,0.3853294943895811,0.5126242804814234,0.7118901432626922,0.4224176976805168,0.4968024234264558,0.587689195535166,0.6138969651432492,0.5954401730737227,0.555127445168939,0.5155141465082486
0.5266177688394653,0.4459973259797777,0.3857600301375024,0.5137035583464156,0.7099755727206707,0.4223223437984219,0.4976625902240174,0.5875085792724777,0.614811669007873,0.5958062905641537,0.5559178028057696,0.5158133173775536
0.5204069561102567,0.4422578758251859,0.3837688023033662,0.5183477237048666,0.7089852776127284,0.4193186965124318,0.4916414226410861,0.5816927356139147,0.6103361536702493,0.5911133300049924,0.5515049726667984,0.5100435934695273
0.5212350644741511,0.4420489679953204,0.3831229986814842,0.5182823129251701,0.710239651416122,0.4189134425135283,0.4896219005946371,0.580500668280172,0.6090294338636438,0.5902479613912464,0.5511756569847857,0.5090178647747671
0.5253756062936236,0.4444305172557867,0.3842800635040229,0.5152734170591314,0.7110979071763385,0.4207728432143793,0.4925015894386477,0.5845464725643897,0.6124922413511483,0.5942752537859877,0.5551603767371402,0.5149585434652535
0.5256122086833077,0.4459973259797777,0.3862174743696687,0.5139979068550498,0.7088532382650029,0.4225368900331355,0.4970268147649501,0.5893869884044359,0.6172944366404234,0.5986353802629388,0.5590792333530923,0.5195743225916746
0.5282739855672542,0.4453706024901813,0.3841993380512876,0.5137362637362638,0.7128144186967715,0.4212734510953777,0.497176408990613,0.5884839070909945,0.6173924406259188,0.599534032284906,0.5592768227623,0.5180357295495341
0.5255530580858867,0.4442842817748809,0.3840378871458171,0.5153388278388279,0.7114940252195153,0.4205821354501894,0.4916040240846703,0.5832099122204963,0.6127862533076346,0.5957730071559327,0.5559507343739709,0.5134626891187282
0.519046492369573,0.4433859781064594,0.3858407555902376,0.5178244374672947,0.7056182742457252,0.4208681970964743,0.4896592991510528,0.580609038037785,0.6105648296364052,0.5933100349475786,0.5540407034182968,0.5117104025985127
0.5267360700343074,0.4466031586863875,0.3864865592121196,0.5132129774986919,0.709183336634317,0.4229898209730864,0.4916414226410861,0.5829570494527327,0.6131129332592858,0.5957730071559327,0.5565105710333926,0.5156851012907087
0.5290429433337277,0.4482535305423247,0.3875628985819229,0.511250654107797,0.7091173169604541,0.4243962907339865,0.4957178652903998,0.5871834699996388,0.6166410767371207,0.5996671659177899,0.5608904696041626,0.5202154030258996
0.5259079616704129,0.4468956296481992,0.3872399967709819,0.5132129774986919,0.7077309038093351,0.4234904288540847,0.495830060959647,0.5861358956760467,0.6166410767371207,0.5996671659177899,0.5608575380359613,0.5194033678092145
0.5171536732520998,0.4433024149745132,0.3865941931490999,0.5184458398744114,0.7036376840298408,0.4211542587427591,0.4902202774972886,0.5806451612903226,0.6116755414720199,0.5947079380928606,0.5559178028057696,0.5138473373792631
0.5152608541346267,0.442299657391159,0.3861636574011786,0.5197213500784931,0.7031755463128011,0.4203914276859997,0.486929204532705,0.5771773290467074,0.6084414099506713,0.5918122815776334,0.5538101824408879,0.5115821865116676
0.5240151425529398,0.4462897969415894,0.3873207222237171,0.5141941391941393,0.7066085693536673,0.4231805287372762,0.491117842851266,0.5805729147852473,0.6117408774623502,0.5953070394408386,0.5575314496476322,0.5157278399863237
0.5298710516976222,0.4487966908999748,0.3878858003928638,0.5105965463108321,0.709183336634317,0.4248730601444611,0.4952316840569954,0.5846909655745403,0.6154976969063409,0.5995007488766849,0.561779621945597,0.521369347807505
0.5224772270199929,0.445475056405114,0.386944003444286,0.5152407116692831,0.7062124513104905,0.4225607285036591,0.4938479374696137,0.5827041866849691,0.6136356211819282,0.5992344816109169,0.5608904696041626,0.5200444482434396
0.5166804684727316,0.4425503467869976,0.3858676640744827,0.5191326530612246,0.704297880768469,0.4204152661565233,0.489360110699727,0.5776830545822346,0.6095847897814511,0.5951406223997338,0.5565435026015939,0.5135054278143432
0.5194013959540992,0.4426965822679034,0.3847913247046794,0.5182823129251701,0.7071367267445698,0.42001001215762,0.4864804218557164,0.5752627966622116,0.607886054032864,0.5930770510900316,0.5545017453731146,0.5115394478160527
0.526144564060097,0.4461853430266566,0.3862174743696687,0.5137035583464156,0.7091173169604541,0.4226322439152304,0.4887243352406597,0.579019614926128,0.6110548495638822,0.5960392744217008,0.5574326549430284,0.5163261817249337
0.5358452620371467,0.4487758001169884,0.3851411349998655,0.5089612768184197,0.7159173433683237,0.4236334596772271,0.4934365533490408,0.583246035473034,0.6139623011335795,0.6000332834082209,0.5609234011723638,0.5211983930250449
0.5292795457234118,0.4463106877245759,0.3849527756101499,0.5127223966509681,0.7124843203274576,0.4221316360342321,0.492314596656569,0.5814759960986887,0.6125249093463134,0.599700449326011,0.5598037278535204,0.5196597999829046
0.5194013959540992,0.4440962647280019,0.3865941931490999,0.5171703296703297,0.704958077507097,0.4216071896827099,0.4887617337970755,0.5765632337535672,0.607886054032864,0.5959061407888168,0.5560165975103735,0.5150867595520985
0.5188690405773099,0.4439709200300827,0.3866749186018351,0.5174319727891157,0.7045619594639202,0.4215595127416625,0.4862186319608063,0.5738178665607051,0.6052726144196531,0.5935097353969047,0.55334914048607,0.512821608684503
0.5238376907606768,0.4460391075457507,0.3871054543497565,0.5144557823129252,0.7067406087013929,0.4229421440320389,0.4883877482329182,0.5761658779756529,0.6078207180425338,0.5942086869695457,0.5548310610551275,0.5135909052055732
0.5325919791789898,0.4487340185510152,0.3865672846648548,0.5099097331240189,0.7122862613058691,0.4242532599108441,0.4920902053180748,0.5803561752700214,0.6112508575348732,0.5967715094025628,0.5586181913982743,0.5175228652021541
0.5322370755944635,0.4473134453079301,0.3849258671259048,0.511119832548404,0.7141348121740279,0.4227037593268016,0.4923893937694005,0.5807535310479356,0.6114141975106988,0.5962389748710267,0.5588487123756832,0.5180784682451492
0.5228321306045192,0.4439082476811231,0.3847913247046794,0.5163854003139718,0.7090512972865913,0.4207013278028081,0.4878641684430981,0.5756601524401257,0.6065139982359282,0.5904476618405724,0.5546005400777185,0.5131635182494231
0.5163847154856265,0.4425085652210244,0.3859214810429728,0.5192634746206176,0.7040338020730177,0.4204152661565233,0.4856576536145705,0.5737094968030921,0.6043579105550293,0.5878515559993344,0.5525917144174406,0.5111120608599026
0.5218857210457826,0.4451825854433024,0.3868632779915507,0.5156331763474622,0.706014392288902,0.4223461822689456,0.4874527843225252,0.5760575082180399,0.6065139982359282,0.5904476618405724,0.5548310610551275,0.5130780408581931
0.5288063409440436,0.4478148240996072,0.3871054543497565,0.5116758241758241,0.7095794546774938,0.4239433597940356,0.4916414226410861,0.580175559007333,0.6098134657476071,0.5929439174571476,0.5583218072844629,0.5179075134626892
0.5314089672305691,0.4481072950614189,0.386298199822404,0.5107273678702251,0.7120221826104178,0.4237526520298457,0.4910056471820188,0.5797059567243434,0.6103034856750842,0.5926443667831585,0.5579266284660475,0.5182494230276092
0.5217082692535195,0.4442007186429347,0.3857062131690122,0.5164835164835165,0.7072687660922955,0.4212734510953777,0.4862186319608063,0.574576454863996,0.6049459344680017,0.5872857380595773,0.5526575775538431,0.5120095734678178
0.5193422453566782,0.4438246845491769,0.386298199822404,0.5174319727891157,0.7052221562025484,0.4213211280364252,0.4835259358988744,0.5714337318932197,0.6023978308451211,0.5858212680978532,0.5508134097345716,0.5104709804256774
0.5253164556962026,0.4466867218183337,0.3872130882867368,0.513507326007326,0.7074668251138839,0.4233712365014661,0.4858446463966491,0.5743958386013076,0.6045539185260201,0.5897487102679313,0.5538431140090891,0.5131635182494231
0.5267952206317283,0.4480028411464861,0.3882894276565401,0.5120682888540031,0.7069386677229813,0.4245869984981764,0.4898462919331314,0.5783693963804502,0.608604749926497,0.5938425694791146,0.5578936968978463,0.5163689204205487
0.5234827871761505,0.4466658310353472,0.3880741597825795,0.5140633176347462,0.7053541955502739,0.423728813559322,0.4898462919331314,0.5771773290467074,0.6084414099506713,0.5935097353969047,0.557498518079431,0.5156423625950936
0.5211167632793091,0.4448692236985042,0.3868363695073056,0.5160910518053377,0.7056182742457252,0.4221554745047558,0.4851340738247504,0.5724090597117364,0.6035412106759009,0.5883840905308703,0.5532503457814661,0.5111120608599026
0.5165621672778895,0.4423832205231052,0.3856793046847671,0.5192961800104657,0.7044959397900574,0.4202245583923336,0.4818803994165825,0.5691218437308097,0.5999803992029009,0.5840572474621402,0.5490021734835013,0.5064962817334815
0.5199337513308885,0.4445767527366926,0.3869709119285311,0.5166797488226059,0.7047600184855087,0.4220601206226609,0.4855828565017391,0.5733843875302533,0.6033778707000752,0.5868197703444833,0.5524929197128368,0.5110693221642876
0.5314089672305691,0.4485251107211498,0.3868363695073056,0.5104003139717426,0.7113619858717898,0.4242294214403204,0.4902576760537044,0.5785138893906008,0.6088987618829832,0.5915460143118655,0.5570704076928144,0.517223694332849
0.5308174612563588,0.4473552268739032,0.3855985792320319,0.5114795918367347,0.7125503400013203,0.4230374979141338,0.4897714948202999,0.5780804103601488,0.6083760739603411,0.5912797470460974,0.5571362708292169,0.5167535686810839
0.5216491186560984,0.4438664661151499,0.3852756774210908,0.5167451596023025,0.7077969234831979,0.420892035566998,0.4856950521709862,0.5732398945201026,0.6038678906275522,0.5866200698951571,0.5530527563722585,0.5111547995555176
0.5153791553294688,0.4421325311272666,0.3859214810429728,0.5198521716378859,0.7035056446821152,0.4202007199218098,0.4833389431167957,0.5690857204782719,0.6003070791545523,0.583757696788151,0.5507146150299678,0.5079921360800069
0.5204661067076778,0.4442425002089078,0.386298199822404,0.5167778649921508,0.7058823529411764,0.4215595127416625,0.4858072478402334,0.5718310876711339,0.602626506811277,0.5862539524047262,0.5530527563722585,0.5114539704248227
0.5303442564769904,0.4480028411464861,0.3866480101175901,0.511119832548404,0.7109658678286128,0.4238480059119407,0.4901080818280415,0.577430191814471,0.6079840580183595,0.5914794474954235,0.5579924916024501,0.5177792973758442
0.5236010883709925,0.4446185343026657,0.3853564028738261,0.5156331763474622,0.70878721859114,0.4213449665069489,0.4896219005946371,0.5773579453093957,0.6074287021005521,0.5910467631885504,0.557267997102022,0.5161979656380887
0.5117709688867857,0.4398554357817331,0.3845760568307187,0.5225994243851387,0.7031755463128011,0.4182936422799113,0.4854706608324919,0.5717949644185962,0.6021691548789652,0.5860875353636211,0.5529539616676546,0.5095734678177622
0.5127173784455223,0.4401896883095178,0.3846029653149638,0.5220761381475668,0.7036376840298408,0.4185081885146249,0.4833763416732115,0.5686883647003577,0.5999477312077358,0.5841570976868031,0.5513732463939933,0.5073083169501668
0.524310895540045,0.4442425002089078,0.3845222398622285,0.5157312925170069,0.7101736317422591,0.4207728432143793,0.4859194435094806,0.5719755806812846,0.6020058149031394,0.5859544017307372,0.5524929197128368,0.5110693221642876
0.5281556843724122,0.4461435614606835,0.3852487689368458,0.5131475667189954,0.7114940252195153,0.4221793129752795,0.4893227121433113,0.5759130152078893,0.6059913103132861,0.5898485604925945,0.5560165975103735,0.5150012821608685
0.5267952206317283,0.44501545917941,0.3844146059252483,0.514423076923077,0.7117581039149665,0.4211542587427591,0.4899210890459629,0.576779973268793,0.6067753421972494,0.5906473622898983,0.5570374761246131,0.5152577143345586
0.5196379983437833,0.4422160942592128,0.3840647956300622,0.5185766614338043,0.7081930415263749,0.4194140503945267,0.4856950521709862,0.5728064154896507,0.6030185227532586,0.5861873855882842,0.5531515510768622,0.5107701512949825
0.5154383059268899,0.4416311523355895,0.3852218604526007,0.5202119309262166,0.7044299201161945,0.4195809196881928,0.4834885373424586,0.5704222808221652,0.6004377511352129,0.583491429522383,0.5500230520977409,0.5061543721685614
0.5222997752277299,0.4444931896047464,0.3858138471059925,0.5160910518053377,0.7074668251138839,0.4214879973300913,0.485994240622312,0.5734566340353285,0.6033125347097449,0.5861541021800633,0.5528880985312521,0.5097871612958373
0.5275641783982019,0.4461644522436701,0.3855447622635417,0.5133110936682366,0.7107678088070244,0.4223223437984219,0.4892479150304798,0.5764187407434165,0.6075593740812126,0.5894824430021635,0.5572021339656195,0.5155568852038637
0.5258488110729919,0.445245257792262,0.3851680434841105,0.5144884877027734,0.710239651416122,0.4216310281532337,0.4899584876023786,0.5765993570061049,0.6074287021005521,0.5893825927775004,0.5573667918066258,0.5158987947687836
0.5209984620844671,0.4427801453998495,0.3841724295670425,0.5177917320774464,0.70878721859114,0.4197716274523826,0.4862934290736378,0.5725896759744248,0.6037045506517266,0.5865535030787152,0.5541065665546994,0.5114112317292077
0.5153791553294688,0.4415684799866299,0.3851680434841105,0.5202773417059132,0.7044299201161945,0.4195332427471453,0.4843861026964359,0.5707473900950042,0.6014504589853321,0.5841238142785821,0.5506487518935651,0.5070091460808617
0.5186915887850467,0.4443051725578674,0.3871861798024917,0.517203035060178,0.7038357430514293,0.4219886052110897,0.486929204532705,0.5740707293284687,0.6040312306033778,0.5867864869362622,0.5524270565764342,0.5104709804256774
0.5287471903466225,0.45021726414306,0.390226838522186,0.5098116169544742,0.705684293919588,0.4267086223747884,0.4905568645050301,0.5788751219159773,0.6102054816895888,0.5940089865202196,0.5585523282618718,0.5174373878109241
0.5310540636460429,0.4519303083479569,0.3913839033447246,0.5078492935635793,0.7055522545718623,0.4281866075472597,0.4893975092561427,0.5777191778347722,0.6125575773414785,0.5966716591778998,0.5616149641045907,0.5197452773741346
0.5266177688394653,0.4534971170719478,0.395420175981487,0.5078492935635793,0.6980920314253647,0.4308803547164414,0.484909682486256,0.572770292237113,0.6108588415928915,0.5956398735230487,0.5615491009681881,0.5193606291135995
0.5296935999053591,0.4563382635581181,0.3976804886580738,0.5047749869178441,0.6971017363174224,0.4335025864740518,0.4814316167395939,0.5684355019325941,0.6105321616412401,0.5955067398901647,0.5612527168543767,0.5181212069407642
0.5314681178279901,0.4584691234227459,0.3996178995237198,0.5026164311878598,0.6956493034924407,0.4355765334096164,0.4821795878679083,0.5712169923779937,0.6146156610368823,0.600066566816442,0.5655996838569453,0.5227797247628002
0.5426475807405655,0.4610177989471045,0.3978150310792993,0.4975143903715332,0.7040998217468805,0.4362440105842809,0.4844982983656831,0.5762020012281907,0.6193851883309922,0.6043934098851722,0.5696502667457024,0.5284639712795967
0.5437714420915651,0.46122670677697,0.3975459462368485,0.4970238095238095,0.7050901168548226,0.4362440105842809,0.4798234788137178,0.5733121410251779,0.6201692202149555,0.6050923614578133,0.5705394190871369,0.530344473886657
0.5447770022477227,0.463023314113813,0.3994295401340043,0.4953558346415489,0.7033075856605268,0.4381034112851319,0.468753506114664,0.5645703139110646,0.6168697527032766,0.6030287901481111,0.5693209510636896,0.5292760064962817
0.5509878149769313,0.4672641430600818,0.4020665715900223,0.4903192046049189,0.7035716643559781,0.4416791818636917,0.4562997868282284,0.5544919264530579,0.6128842572931299,0.601497753369945,0.5705394190871369,0.5328660569279425
0.5579084348751923,0.4731553438622879,0.406506471490461,0.4837781266352695,0.7019871921832705,0.4470189992610074,0.4513631773813531,0.5497959036231623,0.6113161935252034,0.6029955067398901,0.5735691233616546,0.5384648260535089
0.5728143854252928,0.476560541489095,0.4041116163926486,0.4770081109366824,0.7132105367399485,0.4479010226703854,0.4550656344665096,0.5543474334429073,0.6133416092254419,0.6054584789482442,0.5762365803859579,0.5448328917001453
0.5823376316100793,0.4724241664577588,0.394451470548664,0.4775968079539509,0.7304416716181421,0.4412500893942644,0.4595160626799806,0.5587544702525016,0.6114795335010291,0.6025628224330171,0.5741618915892774,0.5445764595264553
0.5816869750384479,0.4657600066850505,0.3861636574011786,0.4829931972789116,0.7402125833498382,0.4337886481203366,0.4600022439133849,0.559440812050717,0.6083434059651759,0.5969046430354468,0.5690245669498781,0.539148645183349
0.5814503726487638,0.4611431436450238,0.3802976078357506,0.4866889063317635,0.747276688453159,0.4285441846051157,0.4621713601854968,0.5617165769605895,0.606677338211754,0.5931103344982526,0.5652045050385299,0.5343191725788529
0.5812729208565006,0.4620205565304587,0.3815084896267793,0.4860675039246468,0.7456922162804515,0.42959307730816,0.467818542204271,0.5648592999313659,0.6080493940086897,0.5938425694791146,0.5654679575841401,0.535002991708693
0.5759493670886077,0.4621876827943511,0.3841993380512876,0.4874084249084249,0.7394203472634845,0.4308803547164414,0.469426680130147,0.5646425604161398,0.6068733461827448,0.5932434681311366,0.5655338207205427,0.5341054791007779
0.5642375487992429,0.4591167376953288,0.3855447622635417,0.4930337519623234,0.7312339077044958,0.4297122696607786,0.472119376192079,0.5653289022143554,0.6063833262552678,0.5926110833749376,0.5644141474016993,0.5318830669287974
0.5357269608423045,0.4513453664243335,0.3885046955305007,0.5069989534275249,0.7116920842411038,0.4265894300221698,0.4764576087363028,0.5663403532854099,0.605501290385809,0.5901813945748045,0.5597707962853191,0.5234208051970255
0.5199337513308885,0.4457675273669257,0.3885046955305007,0.5157312925170069,0.702845447943487,0.4233950749719897,0.4825909719884813,0.5687244879528953,0.6041945705792036,0.5871526044266933,0.5548639926233286,0.5161979656380887
0.5228912812019402,0.4444305172557867,0.3854371283265614,0.5159602302459446,0.7082590612002376,0.4212972895659014,0.4898088933767157,0.5751544269045985,0.6054359543954788,0.5867532035280412,0.553711387736284,0.5140182921617232
0.5245474979297291,0.4427174730508899,0.3825041035438474,0.5168432757718473,0.7128144186967715,0.4190087963956233,0.4958674595160627,0.5807535310479356,0.6068080101924146,0.5868863371609252,0.5534150036224725,0.5130780408581931
0.517271974446942,0.4401270159605582,0.3824502865753572,0.5208987441130298,0.70878721859114,0.4175069727526282,0.4959796551853099,0.5802116822598707,0.6048152624873412,0.5846896322183391,0.5504511624843575,0.5091888195572272
0.5091683426002603,0.4363040026740202,0.3812124963000834,0.5260989010989011,0.7058163332673135,0.4147893871129228,0.4911926399640974,0.5747570711266843,0.5987390153866258,0.5789316025961058,0.5443917539353224,0.5025215830412857
0.5049686501833669,0.4358444054483162,0.3825310120280925,0.5276360544217688,0.7018551528355449,0.4150992872297314,0.4877145742174352,0.5704945273272406,0.5946228479958184,0.5758695290397735,0.5405058288875716,0.4975211556543294
0.506802318703419,0.4377872482660649,0.3841993380512876,0.5256083202511774,0.7008648577276029,0.4169586879305824,0.4906316616178616,0.5716865946609833,0.5964195877299011,0.5776335496754866,0.541856023183824,0.4986751004359347
0.5146101975629954,0.4392078215091501,0.3824771950596023,0.5223377812663527,0.7073347857661583,0.4169825264011061,0.4940349302516924,0.5758768919553517,0.6000457351932312,0.5815942752537859,0.5455114272541658,0.5030771860842808
0.5114752158996806,0.4379334837469708,0.3822619271856416,0.5242019884877028,0.7058163332673135,0.4161720184032992,0.4927633793335577,0.5752266734096738,0.5995883832609193,0.581627558662007,0.5457090166633736,0.5025643217369007
0.5031941322607358,0.4357817330993566,0.3832575411027097,0.5281593406593407,0.6999405822935234,0.4153853488760161,0.4894349078125585,0.5713253621356067,0.595210871908791,0.5776668330837077,0.541856023183824,0.4976921104367894
0.5020702709097362,0.4348207570819754,0.3825041035438474,0.5292386185243328,0.7002706806628374,0.4145033254666381,0.4874901828789409,0.5707473900950042,0.5931854562085526,0.5751372940589116,0.5398142659553448,0.4964526882639542
0.513782089199101,0.4387273335004595,0.3822350187013966,0.5229591836734694,0.7071367267445698,0.4166011108727264,0.49029507461012,0.5732760177726403,0.5964849237202313,0.5778332501248128,0.5425805176842522,0.5002991708693052
0.5131905832248906,0.4403985961393832,0.3846298737992089,0.5218144950287807,0.7038357430514293,0.4186273808672435,0.4983731627959161,0.5811147635733122,0.6044232465453595,0.5841238142785821,0.5475202529144438,0.504359346952731
0.5058559091446824,0.4386646611514999,0.3857600301375024,0.5251831501831502,0.6984221297946788,0.4181267729862452,0.5098545196155428,0.5928909439005888,0.6148770049982033,0.5905475120652354,0.5488704472106962,0.4990597486964698
0.4921921211404235,0.4352594635246928,0.387616715550413,0.5316261119832549,0.6884531590413943,0.4170302033421536,0.5131829911365422,0.5959975436188274,0.6168697527032766,0.5919121318022965,0.5479812948692617,0.4905547482690828
0.4975156749083165,0.4436575582852845,0.3959852541506337,0.5235805860805862,0.681190994916485,0.4255166988486019,0.4947829013800067,0.5743235920962324,0.6071673581392311,0.5978032950574139,0.5628992952644405,0.5065390204290965
0.5098781497693127,0.4576126013202975,0.4083093399348815,0.5092556253270539,0.6729385356836336,0.4389377577534625,0.4610868020494409,0.5343712747895821,0.5914540524648002,0.6091862206689964,0.5947111901468748,0.5468416103940509
0.5240742931503609,0.4689771872649786,0.4165164276296316,0.4964024071166928,0.6708259061200237,0.4490691077260483,0.4299338045551442,0.4978145432214717,0.5739113390611218,0.6164087202529539,0.6256668642560759,0.591076160355586
0.5544185496273513,0.4692487674438038,0.4030621855070904,0.4878335949764521,0.7042318610946061,0.4432525209182578,0.4089906129623397,0.4754542499006611,0.5431707556107281,0.5964053919121318,0.6275110320753475,0.6178733225061972
0.5808588666745534,0.463065095679786,0.3830960901972392,0.4853479853479854,0.7435135670429788,0.4308803547164414,0.3948539586371967,0.4672542715746126,0.5100780765084447,0.5566650024962556,0.5958637950339195,0.6178305838105821
0.5946409558736544,0.4703559789420907,0.3862174743696687,0.4758307169021455,0.7473427081270219,0.4364347183484708,0.3795953476195819,0.4547556261965827,0.4729345660056842,0.5152604426693294,0.5530856879404598,0.6076160355585948
0.6101384123979653,0.496636583939166,0.4130183246777709,0.4509746206174778,0.7231795074932329,0.4633006746287158,0.3417854070832866,0.4117328324242315,0.4260559929437131,0.493093692794142,0.5430744912072714,0.6282160868450295
0.6264639772861706,0.5281607754658644,0.4461695772677125,0.4217687074829933,0.6916221033868092,0.4959593792462275,0.2759639477916153,0.3333814976700502,0.3646728300284212,0.4780495922782492,0.5527234406902457,0.6728780237627149
0.6032769430971253,0.5265939667418735,0.4546995667734037,0.429421768707483,0.6681851191655113,0.498843834179599,0.2297767306181981,0.2600512950186035,0.2490934631341675,0.3758695290397736,0.4706579727326615,0.6446704846568083
0.5046728971962617,0.477020138714799,0.4357290853806205,0.4954866562009419,0.6364296560374991,0.4621564280435767,0.2852387897827144,0.2902864573926237,0.168697527032766,0.2434015643201863,0.3300401765132055,0.5250021369347808
0.4212705548326038,0.4376827943511323,0.4229744638484514,0.5493524332810047,0.6055324486697035,0.4340508712960977,0.3745839410598751,0.3764404146949391,0.2021822220770311,0.2290231319687135,0.2935519989461899,0.4553380630823148
0.3699278362711464,0.4214297651875992,0.4253962274305088,0.5762362637362638,0.573909024889417,0.4258742759064578,0.4648640562474289,0.4693855434743345,0.2926725686844599,0.2966883008820103,0.3313574392412567,0.4245234635438927
0.3529516148113096,0.4040904153087657,0.4107849204854291,0.5945185766614338,0.5823595431438567,0.4094972466566545,0.5566027151351958,0.5661597370227215,0.3753552644474209,0.3584290231319687,0.3646512546927485,0.3969142661765963
0.3550810363184669,0.3932898805047213,0.3959045286978984,0.6024005756148614,0.6017693272595233,0.3967436649264583,0.5989004824413778,0.6152512372213994,0.4186076900460619,0.3946080878681977,0.389382862411908,0.3897769040088896
0.357033006033361,0.3883387649369098,0.3886392379517261,0.6057365253793826,0.6118043176866705,0.3906886934134306,0.5933280975354351,0.6180327276667991,0.4393845349710888,0.4184057247462139,0.4087795560824606,0.3909735874861099
0.3802791908198273,0.3882134202389905,0.3778758442536932,0.5993916797488226,0.6380141282102065,0.3858494838971131,0.5841280526571675,0.6165877975652928,0.4646368952337396,0.4427691795639872,0.428736086412435,0.3991794170441918
0.4142316337395008,0.39408373025821,0.3700185668541291,0.5854264782836212,0.6666006469928039,0.3857302915444945,0.5747036164404055,0.6146371419282592,0.4890072196269315,0.4676318855050757,0.4508990318118949,0.4160184631165057
0.4397846918253874,0.4009150162948107,0.3671931760083954,0.5729984301412874,0.6842939195880372,0.3883763617726287,0.5689816373087999,0.6156847162518513,0.5104047564600961,0.4899317690131469,0.47036158861885,0.4343961022309599
0.4586537324026972,0.4081432272081557,0.3679197050830127,0.5621402407116693,0.6939327919720076,0.3928341557605664,0.5639328321926774,0.6184300834447134,0.5309855934141322,0.5102013646197371,0.4872554831061055,0.4493119070005983
0.4706021530817462,0.4149745132447564,0.371283265613648,0.5534733124018839,0.6965075592526573,0.3982216500989297,0.5551067728785669,0.617201892858433,0.5489203227597923,0.5263105341987019,0.500955015477837,0.4594837165569707
0.4807169052407429,0.4230383554775633,0.3770685897263407,0.5443485086342229,0.6949891067538126,0.405373191256049,0.5467668947978609,0.615504099989163,0.5647969684100488,0.5407888167748377,0.5137324639399329,0.4678177622018976
0.4904176032177925,0.4327525695663073,0.3851680434841105,0.5340790162218734,0.6904997689311414,0.4145033254666381,0.534761958188414,0.6078459704511795,0.5794975662343602,0.5562323181893826,0.5279918329710861,0.4819215317548508
0.4989944398438424,0.4408581933650873,0.3917068051556656,0.5253466771323915,0.6872648049118636,0.4220362821521371,0.5236171883765287,0.6004407036809595,0.5891346248080755,0.5681810617407221,0.5389909767503128,0.4943584921788188
0.4996450964154738,0.4431143979276343,0.3943169281274385,0.5234170591313448,0.6844259589357627,0.4244678061455577,0.5144919406110925,0.5936495322038797,0.5915847244454608,0.5717091030121484,0.5427122439570573,0.4975638943499444
0.5014196143381048,0.4453079301412217,0.3963350644458198,0.5211930926216641,0.682973526110781,0.4266132684926935,0.4934365533490408,0.5759852617129647,0.5916500604357912,0.5736395406889665,0.5455443588223672,0.4982477134797846
0.5007098071690524,0.4448065513495445,0.3960121626348787,0.5217817896389325,0.682973526110781,0.4261841760232663,0.4830023561090542,0.5663764765379474,0.5909967005324883,0.5733067066067565,0.5462688533227953,0.4973074621762544
0.5043771442091566,0.4467285033843068,0.3968194171622313,0.5192961800104657,0.6839638212187231,0.4276383227252139,0.4840495156886944,0.5676407903767655,0.5952435399039562,0.5780329505741387,0.551340314825792,0.5038464826053509
0.5144918963681533,0.4520556530458761,0.3990797298388182,0.512297226582941,0.6868686868686869,0.4316670242437245,0.486929204532705,0.5707473900950042,0.6007317630916992,0.5844233649525711,0.5573667918066258,0.5092742969484572
0.5124807760558382,0.4523063424417147,0.400317520114092,0.51268969126112,0.6842278999141744,0.4323583398889127,0.485732450727402,0.5705306505797781,0.6020711508934697,0.5851888833416542,0.5588816439438846,0.5101290708607573
0.5063882645214717,0.4492771789086655,0.3991873637757985,0.5167124542124543,0.6821812900244273,0.4301413621302057,0.479262500467482,0.5635588628400101,0.5967789356767175,0.5803960725578299,0.5538760455772904,0.504402085648346
0.5043179936117355,0.4485251107211498,0.3991604552915535,0.5178898482469911,0.6811249752426223,0.4296884311902548,0.4748494708104267,0.5589350865151899,0.5941654960635065,0.5781993676152437,0.5505499571889614,0.5031199247798958
0.5100556015615758,0.451094677028495,0.3998331673976805,0.514292255363684,0.6834356638278206,0.4314763164795347,0.4788885149033248,0.5625835350214934,0.5981509914736532,0.582759194541521,0.5539748402818943,0.5072228395589367
0.517331125044363,0.4542282944764769,0.4005866049565428,0.5098443223443224,0.6866046081732355,0.4335979403561467,0.4817682037473354,0.5661236137701838,0.6018751429224788,0.5880179730404392,0.558684054534677,0.512607915206428
0.5180409322134153,0.4552310520598311,0.4015553103893658,0.5088631606488749,0.6858123720868818,0.4345753176476197,0.4823291820935712,0.5665932160531735,0.6029205187677632,0.5895490098186054,0.5610880590133702,0.5146593725959484
0.517271974446942,0.4550848165789253,0.4017167612948363,0.5091575091575092,0.6852181950221166,0.4345753176476197,0.4775047683159431,0.5626557815265687,0.5999803992029009,0.5864203694458312,0.5588816439438846,0.5112402769467477
0.5091683426002603,0.4522227793097685,0.4016898528105911,0.513638147566719,0.6807288571994453,0.4329304631814822,0.4720445790792476,0.5581042517068237,0.5963215837444056,0.582526210683974,0.5562141869195811,0.5070946234720917
0.5140186915887851,0.4532255368931227,0.4008018728305035,0.5115450026164313,0.6844919786096255,0.4330973324751484,0.4734283256666293,0.5597297980710183,0.5984450034301396,0.583957397237477,0.558453533557268,0.5111120608599026
0.5231870341890453,0.457403693490432,0.4020396631057773,0.5057234432234433,0.6881230606720803,0.4360533028200911,0.4766820000747971,0.5631615070620959,0.6020384828983045,0.5882842403062073,0.5618784166502009,0.517736558680229
0.5218265704483614,0.4581139801119746,0.4035465382235019,0.505559916274202,0.6854822737175678,0.4371021955231353,0.4770933841953701,0.563992341870462,0.6029205187677632,0.5897819936761524,0.5626687742870315,0.5188477647662193
0.5150242517449427,0.4555861953706025,0.4033581788337863,0.5094191522762952,0.681917211328976,0.4355765334096164,0.4719697819664161,0.5583571144745874,0.5979223155074973,0.5858212680978532,0.5594414806033063,0.5130353021625781
0.5121850230687329,0.4551683797108715,0.4041654333611388,0.5104984301412874,0.6793424440483263,0.4357195642327588,0.4696884700250571,0.5547809124733591,0.5953742118846167,0.583757696788151,0.5583218072844629,0.5089751260791521
0.5184549863953626,0.4579050722821091,0.4047843284987756,0.5066391941391942,0.6820492506767016,0.4375312879925624,0.4694640786865627,0.5537694614023047,0.59615824376858,0.5851888833416542,0.5601001119673319,0.5111120608599026
0.5253164556962026,0.4617907579176067,0.4066948308801765,0.5017006802721089,0.6835677031755462,0.4406064506901237,0.4723063689741577,0.5574540331611458,0.599751723236745,0.5888167748377433,0.563788447605875,0.517394649115309
0.520761859694783,0.4614147238238489,0.4083093399348815,0.5032705389848248,0.6790123456790123,0.4411070585711221,0.4717827891843375,0.5571650471408446,0.6001764071738918,0.5886503577966383,0.5644141474016993,0.5191896743311394
0.5125399266532592,0.4583855602907997,0.4081209805451659,0.5079147043432758,0.6746550472040667,0.4392953348113185,0.4650136504730918,0.5515298197449698,0.5946555159909837,0.5837909801963721,0.5603964960811434,0.5155141465082486
0.5070389210931031,0.4570694409626472,0.4089551435567635,0.5104330193615908,0.6706278470984354,0.4389139192829388,0.4610120049366095,0.5463280713795471,0.5900166606775342,0.5796971209851888,0.5558848712375682,0.5124796991195829
0.5148467999526795,0.4594718810061001,0.408470790840352,0.5064102564102565,0.675579322638146,0.4400581658680779,0.4614233890571824,0.5453166203084926,0.5897553167162132,0.5803627891496089,0.5564117763287888,0.5136763825968031
0.5231870341890453,0.4645692320548174,0.4112423647175954,0.5000981161695448,0.6768336964415395,0.4442060597392072,0.4637047009985415,0.5478452479861287,0.5921727483584333,0.582626060908637,0.5597378647171178,0.5185058552012993
0.5179226310185733,0.4650288292805214,0.4142292064687996,0.5012100994243852,0.6702317290552584,0.4458032372642971,0.4638916937806201,0.5475201387132898,0.5916827284309562,0.581627558662007,0.5590792333530923,0.5196597999829046
0.5098189991718917,0.4634620205565304,0.4158975324919947,0.5046768707482994,0.6636297616689774,0.445636367970631,0.4571973521822057,0.5405483509735217,0.5853124693737546,0.5757031119986686,0.5534150036224725,0.5147021112915634
0.5045545960014196,0.4625637168881089,0.4171622312515136,0.5068354264782836,0.6591404238463061,0.4456840449116785,0.4502038221324657,0.5335404399812159,0.5782561824180851,0.5702779164586453,0.548376473687677,0.5111120608599026
0.5091091920028392,0.4651123924124676,0.4183462045582972,0.503564887493459,0.6602627583019739,0.4476626379651481,0.4504656120273758,0.5329985911931511,0.5766227826598281,0.5685471792311533,0.5484094052558783,0.5137618599880333
0.5163255648882054,0.4693950029247096,0.4205796087506391,0.4982339089481947,0.6615171321053673,0.4510953777205655,0.4518867571711732,0.5338294260015172,0.5755120708242135,0.5686137460475952,0.5495949417111243,0.5182921617232242
0.5152608541346267,0.4712542826105123,0.4234588165648629,0.497089220303506,0.6573578926520102,0.4534315478318911,0.4506152062530387,0.531734277354333,0.572996635196498,0.5676818106174072,0.5492656260291114,0.5188477647662193
0.5031349816633148,0.4690816411799114,0.4261765734736162,0.5021258503401361,0.6472568825510002,0.4534077093613674,0.4428737050749841,0.5216920131488639,0.5639476005357551,0.5605258778498917,0.5439636435487059,0.5137191212924181
0.4940849402578966,0.4685175900392746,0.4295401340042515,0.5050693354264784,0.6381461675579322,0.4545519559465065,0.436029769250907,0.5146118556514828,0.5559112737251315,0.5546014311865535,0.5386945926365013,0.5103427643388324
0.498166331479948,0.4712960641764853,0.4312891854801819,0.5017660910518054,0.6382782069056578,0.4569119645283558,0.4329630876248177,0.509626846801286,0.5511090784358564,0.5514727908137793,0.5365869722716196,0.5121377895546628
0.5076895776647344,0.4768112308849335,0.4340607593574254,0.4947998430141287,0.6401267577738166,0.4612982431047224,0.4340476457608736,0.5084347794675433,0.5485936428081409,0.5502413047096022,0.5364881775670157,0.5153431917257886
0.50686146930084,0.4791927801453998,0.437505045340796,0.4931972789115647,0.635439360929557,0.4641826980380938,0.4297468117730656,0.5030162915868945,0.5412760118911503,0.545315360292894,0.533787788974511,0.5149158047696385
0.491245711581687,0.4757040193866466,0.440115168312569,0.5002289377289378,0.6235558196342509,0.4633483515697633,0.4182654549534388,0.4902286601885633,0.527816797883114,0.5339657180895323,0.5251267865375749,0.5071373621677067
0.4782325801490595,0.4745968078883596,0.4446088851814977,0.5046768707482994,0.6108140225787284,0.4647071443896159,0.4094393956393284,0.4779828775782971,0.514194243899252,0.5232151772341488,0.516729236646249,0.5015385930421403
0.4852123506447415,0.4809267151332831,0.4495869547668379,0.4978087388801675,0.6085693536673927,0.4705237311974064,0.4052133587643517,0.4721670339197341,0.5064519290451146,0.5188217673489764,0.5137324639399329,0.5032481408667409
0.484325091683426,0.4851048717305924,0.4553722788795307,0.4947998430141287,0.6009770911731696,0.4754821330663425,0.4038670107333857,0.4687353249286566,0.4994609780797753,0.5149276085871193,0.5118553645524601,0.5049149499957262
0.4790606885129539,0.4875282025570318,0.4608885181497726,0.4943419675562532,0.5912721991153362,0.4792962883501394,0.3981450316017802,0.4624137557345663,0.4898239195060599,0.5081045099018139,0.5068168346176645,0.5039746986921959
0.46853188217201,0.4852511072114982,0.4627452035626833,0.4990515436944009,0.5830857595563478,0.4788195189396648,0.387523841579715,0.4491565220532457,0.4736205939041521,0.4940256282243301,0.4952249226108147,0.4962817334814942
0.4600733467408021,0.4846452745048885,0.4657858622823776,0.5018642072213502,0.5746352413019079,0.4798207347016615,0.3784359923706945,0.4381028067767222,0.4600307079154552,0.4810118156099184,0.4852466574458276,0.4885032908795623
0.4559328049213297,0.4867761343695161,0.4704410300567769,0.5013082155939299,0.5666468607645077,0.4830866051634127,0.3759676876472568,0.4330816746739876,0.4520270490999968,0.474355133965718,0.4812948692616742,0.4908111804427729
0.4658109546906424,0.4919988301161527,0.4726744342491187,0.4945054945054946,0.5694196870667458,0.4870676297408758,0.3737985713751449,0.4283134053390167,0.4450687661298226,0.4695956065901148,0.4790884541921886,0.4948713565261988
0.4606648527150124,0.492353973426924,0.4754998250948524,0.4956501831501832,0.563081798375916,0.4885217764428234,0.3700213171771569,0.4205830292959578,0.4348110156479697,0.4610750540855383,0.4735230191661727,0.4923070347892982
0.4468827635159115,0.4895963900726999,0.4782175820036058,0.5016025641025641,0.5520565128408265,0.4881641993849674,0.3607090766296421,0.4096376837770473,0.4211557936689425,0.4481943751040106,0.4628202595007574,0.4836310795794512
0.4412634567609133,0.488760758753238,0.4796706401528402,0.5038265306122449,0.5471050373011157,0.4883310686786336,0.3530797711208348,0.4015821984611494,0.4097546633563099,0.437909801963721,0.4541592570638214,0.4778613556714249
0.4506684017508577,0.4921659563800451,0.4797782740898205,0.4985609628466771,0.5522545718624149,0.4903096617321033,0.3535659523542391,0.3999566520969548,0.4055731599751723,0.4344483275087368,0.4518869788579333,0.4800837678434054
0.4520288654915415,0.4947773042533634,0.4825229394828189,0.4961407639979069,0.5496798045817654,0.4930034089012849,0.3571936123265642,0.4028103890474299,0.4046257881153834,0.4339490763854218,0.4519199104261345,0.4811094965381656
0.4458180527623329,0.4912885434946101,0.4808546134596238,0.5005886970172685,0.5482273717567834,0.4902858232615796,0.3562960469725869,0.4015460752086118,0.4013916565940348,0.4307871526044266,0.4486267536060067,0.4774767074108898
0.4383650774872826,0.4869641514163951,0.4786750262357722,0.5060177917320775,0.5467749389318016,0.4868530835061622,0.3561090541905083,0.3993786800563523,0.3974061611838881,0.4257946413712763,0.4418757821247448,0.4698692195914181
0.4379510233053354,0.4828277763850589,0.4735355057449614,0.509386446886447,0.5528487489271803,0.4822045817540346,0.35749280077789,0.401835061228913,0.3977655091307047,0.4234648027958063,0.4375946782585787,0.465467133943072
0.447710871879806,0.4816996741037854,0.4676425476952883,0.5075549450549451,0.56552452630884,0.4789625497628073,0.3656830846329332,0.4109742441209406,0.405475155989677,0.4281910467631885,0.4401633405782784,0.4674758526369775
0.4577664734413817,0.482869557951032,0.464574980491349,0.5038919413919414,0.5748333003234963,0.478271234117619,0.377014847226897,0.4246288335801755,0.4173336382346216,0.437044433349975,0.4463215438319173,0.4720916317633986
0.45823967822075,0.4794852511072115,0.4600005381696849,0.5063775510204082,0.5807090512972866,0.4743140480106796,0.386177493548749,0.4352129465737095,0.4284407565907681,0.4441337993010484,0.4499110847658565,0.4718351995897085
0.4613155092866438,0.4744505724074538,0.4521163522858757,0.5094845630559917,0.5921304548755528,0.4679491763808434,0.3901791390852314,0.4417873785355634,0.4355623795367678,0.4468630387751706,0.4503721267206744,0.4667920335071374
0.4587720335975394,0.469102531962898,0.4463848451416732,0.5143903715332286,0.5977421271538919,0.4623471358077666,0.3955645312090954,0.4493010150633963,0.4443827382313547,0.4519886836412048,0.4518540472897319,0.4626036413368664
0.4648645451319059,0.4673894877580011,0.4414067755563329,0.514030612244898,0.6072489601901366,0.4591766192281103,0.4069710909158907,0.4631000975327818,0.4592793440266571,0.4640705608254285,0.4595600342488309,0.465253440464997
0.4813084112149532,0.4687056070861535,0.4356214514436402,0.508470695970696,0.6235558196342509,0.4573648954683068,0.4204719697819665,0.4802947657407073,0.4764300414883539,0.4783824263604593,0.4709214252782717,0.4717497221984785
0.484325091683426,0.4673268154090415,0.4325000672712106,0.5086996336996338,0.6290354525648643,0.4551955946506472,0.4295972175474027,0.4931907668966514,0.490803959361014,0.4904975869529039,0.4791543173285912,0.4742713052397641
0.4787057849284278,0.4615191777387816,0.4275489061701154,0.5147828362114076,0.6320063378886908,0.4496889079596652,0.4338232544223793,0.4999819383737312,0.5017150697461696,0.4977533699450823,0.4817888427846934,0.4716642448072485
0.4788832367206909,0.4569649870477145,0.4216021311519522,0.5183150183150184,0.6394005413613256,0.4444444444444445,0.4378248999588616,0.5062673843152837,0.5107314364117475,0.5037443834248626,0.4853783837186327,0.4706385161124883
0.4905359044126345,0.4578006183671764,0.4173774991254743,0.5144557823129252,0.6510860236350432,0.443061813154068,0.4472867347320394,0.5180796878950981,0.5248440103230865,0.5155599933433184,0.4946980175195943,0.4751260791520643
0.5043771442091566,0.4605999832873735,0.414686650700966,0.5084379905808478,0.6620452894962697,0.4434670671529715,0.4585810987695875,0.531842647111946,0.5405246480023521,0.5288067898152771,0.5055325034578146,0.4836310795794512
0.5073938246776293,0.4593674270911674,0.4117267174340069,0.5085361067503925,0.6673928830791576,0.4414646356289781,0.4635925053292943,0.5395368999024672,0.5516971023488288,0.5374937593609586,0.5111967331884344,0.4873493460979571
0.5078078788595765,0.4559831202473468,0.407179183596588,0.5110871271585559,0.6732026143790849,0.4375074495220387,0.4663599985040578,0.5428241158833942,0.5575120054882232,0.5396904643035446,0.5122834749390766,0.4843576374049064
0.5091683426002603,0.4537895880337594,0.4037348976132174,0.5124280481423339,0.6781540899187958,0.4347183484707622,0.4665469912861363,0.5448470180255031,0.5619221848355167,0.5423198535530037,0.5140288480537444,0.4829472604496111
0.5199929019283095,0.4564427174730509,0.4022280224954928,0.5073587127158556,0.6860764507823331,0.4355765334096164,0.4715209992894275,0.5522161615431854,0.5714612394237366,0.5511066733233483,0.5218336297174471,0.4888024617488674
0.5269726724239915,0.4597434611849251,0.4033043618652961,0.5028453689167975,0.6886512180629827,0.4379365419914658,0.4775795654287745,0.5602716468590832,0.5815883179249289,0.5606590114827757,0.5310544688138049,0.495768869134114
0.5238968413580977,0.4579677446310687,0.4023894734009633,0.5050693354264784,0.6880570409982174,0.4365300722305657,0.4810202326190209,0.5645703139110646,0.5870112051223417,0.5660509236145781,0.5355002305209774,0.4970510300025643
0.5177451792263101,0.4546252193532213,0.4009095067674838,0.509386446886447,0.6864065491516471,0.4339555174140027,0.4806836456112794,0.5636672325976231,0.5882199209434518,0.565951073389915,0.5342488309293288,0.4926916830498333
0.5167396190701526,0.4519094175649703,0.3978688480477895,0.5118066457352172,0.6896415131709249,0.4310472240101075,0.4786641235648304,0.5612830979301376,0.589003952827415,0.566417041105009,0.5338536521109135,0.4906402256603129
0.5196971489412043,0.4527241581014456,0.3975459462368485,0.5103676085818943,0.6916221033868092,0.4313809625974397,0.4810950297318523,0.5657985044973449,0.5941654960635065,0.5719088034614744,0.5383323453862873,0.4963244721771092
0.5228321306045192,0.4542074036934904,0.398057207437505,0.5083071690214548,0.692744437842477,0.4324536937710077,0.4849844795990875,0.5711447458729184,0.5999803992029009,0.5779663837576967,0.5445234802081276,0.50008547739123
0.5278599313853071,0.455836884766441,0.3978419395635444,0.5056580324437467,0.6958473625140291,0.4332880402393382,0.4887243352406597,0.5758046454502763,0.6047499264970109,0.582193376601764,0.5494961470065204,0.5014531156509103
0.5219448716432036,0.4532046461101361,0.3971961359416624,0.5093537414965987,0.6933386149072422,0.4315001549500584,0.485321066606829,0.5716504714084456,0.6015811309659926,0.5785654851056747,0.5463676480273991,0.4973929395674843
0.5182775346030996,0.4519303083479569,0.3971961359416624,0.5113487702773417,0.6912920050174951,0.4307611623638228,0.481955196529414,0.5681826391648304,0.5982489954591487,0.5754701281411216,0.5430744912072714,0.4936319343533636
0.5244883473323081,0.454959471881006,0.3982455668272206,0.5072933019361591,0.6934706542549679,0.432954301652006,0.482890160439807,0.5699526785391757,0.6008624350723596,0.5784323514727907,0.5444905486399262,0.495811607829729
0.5301668046847273,0.4570276593966741,0.3983801092484461,0.504088173731031,0.6964415395787944,0.4342177405897638,0.4874527843225252,0.5746125781165337,0.6070040181634053,0.583990680645698,0.5480800895738656,0.4997435678263099
0.5338341417248313,0.4579677446310687,0.3978957565320346,0.5023220826792256,0.6991483462071696,0.4345276407065723,0.4892853135868956,0.5773940685619334,0.6091274378491391,0.5864536528540523,0.550385299347955,0.5016240704333704
0.5311132142434639,0.4562547004261719,0.3969001426149665,0.5044479330193616,0.6988182478378556,0.4331211709456721,0.4853958637196605,0.5736011270454792,0.6060893142987815,0.582958894990847,0.5472238688006322,0.4979912813060945
0.527800780787886,0.4546252193532213,0.3963081559615747,0.5066391941391942,0.6976959133821878,0.4319054089489619,0.4820673921986612,0.5701332948018639,0.6034432066904055,0.5794974205358628,0.5435684647302904,0.4945721856568937
0.5298710516976222,0.4567978607838222,0.3981917498587305,0.5043498168498168,0.6965075592526573,0.4340031943550502,0.4843861026964359,0.572878661994726,0.6057626343471302,0.581993676152438,0.5465323058684054,0.4972219847850244
0.5304034070744115,0.4579886354140552,0.3995102655867396,0.5032705389848248,0.6952531854492637,0.4352427948222842,0.488275552563671,0.5773579453093957,0.6098461337427722,0.5861873855882842,0.5509451360073767,0.5020941960851355
0.5327694309712528,0.4584273418567727,0.3989720959018378,0.502256671899529,0.6972337756651481,0.4352666332928079,0.4900706832716258,0.5795975869667305,0.6127209173173043,0.5890164752870694,0.5542382928275045,0.5060688947773314
0.5268543712291494,0.4561084649452661,0.398703011059387,0.5057234432234433,0.6942628903413216,0.4338124865908603,0.4871161973147836,0.5763464942383413,0.6094214498056255,0.5865535030787152,0.551570835803201,0.5021796734763655
0.526262865254939,0.4566307345199298,0.3996178995237198,0.5054618001046572,0.692744437842477,0.4345276407065723,0.4831519503347171,0.5715059783982951,0.6054032864003136,0.58372441337993,0.5478825001646578,0.4972219847850244
0.5304034070744115,0.4582811063758669,0.3998600758819256,0.503041601255887,0.6947910477322241,0.4355765334096164,0.4830397546654699,0.5716865946609833,0.6055339583809742,0.5841903810950241,0.5484094052558783,0.4970510300025643
0.5375014787649356,0.460119495278683,0.399025912870328,0.4996402407116693,0.6998085429457979,0.4362440105842809,0.4876397771046037,0.5766716035111801,0.6104341576557447,0.5880179730404392,0.5530198248040572,0.5016668091289854
0.5354903584526204,0.4610177989471045,0.4010709576729543,0.4995094191522763,0.6961774608833431,0.4376743188157048,0.4905568645050301,0.5792002311888163,0.6134396132109372,0.5908470627392245,0.5559178028057696,0.5073937943413968
0.5314681178279901,0.4594300994401269,0.4008556897989936,0.5018315018315018,0.6941968706674588,0.4366731030537081,0.4871535958711994,0.5755879059350504,0.6101728136944236,0.5872524546513562,0.5528880985312521,0.5036327891272758
0.526262865254939,0.4576334921032839,0.4009095067674838,0.5046768707482994,0.6912259853436323,0.4356718872917113,0.4831893488911328,0.5703139110645523,0.6063506582601026,0.5834248627059411,0.5495290785747218,0.4975638943499444
0.5237193895658346,0.4579886354140552,0.4025240158221888,0.5051020408163266,0.6877929623027662,0.4366015876421369,0.4837503272373686,0.5708918831051547,0.6073306981150567,0.5842569479114661,0.5500559836659422,0.4976921104367894
0.5318230214125163,0.4599732597977772,0.4013938594838953,0.5013082155939299,0.6937347329504192,0.4372213878757539,0.4881633568944239,0.5765632337535672,0.6120348894188364,0.5893160259610584,0.5541065665546994,0.5045303017351911
0.5370874245829883,0.4603701846745216,0.3995102655867396,0.4995748299319728,0.6989502871855812,0.4366015876421369,0.489360110699727,0.5783332731279125,0.6134069452157722,0.5915127309036444,0.555489692419153,0.5068809299940166
0.5304625576718325,0.4580304169800284,0.3995102655867396,0.5032378335949765,0.6952531854492637,0.4352666332928079,0.4844608998092674,0.5728064154896507,0.6085394139361668,0.5870194707938092,0.5509451360073767,0.4997435678263099
0.5242517449426239,0.4556279769365756,0.3992411807442887,0.5068354264782836,0.6920842411038489,0.4337886481203366,0.478177942331426,0.565690134739732,0.6025285028257816,0.581793975703112,0.5468945531186195,0.4923925121805282
0.5309357624512008,0.4593256455251943,0.400963323735974,0.5020604395604396,0.6937347329504192,0.4366492645831843,0.4806836456112794,0.5678936531445291,0.6051746104341577,0.5843900815443501,0.5502206415069486,0.4954696982648089
0.5380929847391459,0.4620414473134452,0.4012055000941797,0.4979722658294087,0.6974318346867366,0.4383179575198455,0.4871909944276151,0.5750821803995232,0.6113488615203686,0.5894824430021635,0.5550615820325364,0.5024361056500556
0.5350763042706731,0.4605164201554274,0.4006135134407879,0.5000000000000001,0.6965075592526573,0.4371737109347064,0.4862186319608063,0.5749376873893726,0.6111855215445429,0.5892494591446163,0.5543370875321083,0.5029489699974358
0.529397846918254,0.4580721985460014,0.4000484352716412,0.5034994767137625,0.6939988116458705,0.4355526949390927,0.4826657691013127,0.5708196366000795,0.6067426742020842,0.5846896322183391,0.5494632154383192,0.4984614069578597
0.5272092748136756,0.456985877830701,0.39967171649221,0.5049385138670853,0.6932725952333795,0.4347421869412858,0.4805340513856165,0.5677852833869161,0.6042272385743688,0.5806956232318189,0.5457090166633736,0.4965381656551842
0.5321187743996214,0.4584482326397593,0.3993219061970239,0.5024201988487703,0.6964415395787944,0.435433502586474,0.4810950297318523,0.5684355019325941,0.6056319623664695,0.582093526377101,0.5473226635052361,0.4986323617403197
0.5377380811546196,0.4607671095512659,0.3997255334607001,0.4990515436944009,0.699016306859444,0.4369353262294692,0.4868918059762894,0.5739623595708558,0.6103688216654144,0.5869529039773672,0.5526246459856419,0.5035900504316608
0.53661421980362,0.4605164201554274,0.3999138928504158,0.4995748299319728,0.6981580510992275,0.4368876492884216,0.4873031900968623,0.5743235920962324,0.6111528535493778,0.5879846896322183,0.5540407034182968,0.5034618343448157
0.527800780787886,0.4575081474053647,0.4000484352716412,0.5043825222396652,0.6930745362117912,0.4352189563517605,0.4822169864243241,0.5694108297511108,0.6066446702165889,0.5840572474621402,0.5500889152341435,0.4970937686981793
0.5277416301904649,0.4567769700008356,0.3991066383230632,0.5049712192569336,0.6942628903413216,0.4343846098834299,0.4796738845880549,0.5652927789618177,0.6026591748064422,0.5797636878016309,0.545182111572153,0.4925207282673733
0.5342481959067786,0.4590958469123422,0.3991604552915535,0.5013409209837781,0.6978279527299135,0.4357195642327588,0.4810202326190209,0.5665570928006358,0.6034432066904055,0.5801963721085038,0.5465652374366068,0.4949140952218138
0.5378563823494618,0.4612893791259296,0.4003444285983371,0.4986263736263737,0.6983561101208159,0.4375074495220387,0.4849844795990875,0.5715782249033703,0.6082780699748457,0.5853220169745382,0.5515049726667984,0.5015385930421403
0.536377617413936,0.4589496114314364,0.3980033904690149,0.5008503401360545,0.7004027200105631,0.4351474409401892,0.4856950521709862,0.5739984828233935,0.6096501257717815,0.5872857380595773,0.5529868932358559,0.5038892213009659
0.5349580030758311,0.4570485501796608,0.3962005220245944,0.5027472527472527,0.7018551528355449,0.4332403632982908,0.4827779647705599,0.5689051042155836,0.6049132664728366,0.58339157929772,0.5485081999604822,0.4994443969570049
0.5313498166331481,0.4569649870477145,0.397707397142319,0.5037938252223967,0.697959992077639,0.4338601635319078,0.4791877033546506,0.5648592999313659,0.6006337591062036,0.5786986187385588,0.544819864321939,0.4947858791349688
0.5327102803738317,0.458740703601571,0.3994026316497592,0.5020277341705913,0.6966395986003828,0.4356480488211876,0.4795990874752235,0.5657623812448073,0.6015157949756624,0.5798302546180728,0.5455443588223672,0.4939311052226686
0.5432390867147758,0.462145901228378,0.399025912870328,0.4964678178963894,0.7029774872912127,0.4374120956399437,0.4841617113579416,0.5710363761153054,0.605729966351965,0.5850557497087702,0.5497595995521307,0.4979058039148645
0.5463149177806697,0.4626263892370685,0.3982186583429755,0.495225013082156,0.705684293919588,0.4373405802283726,0.4859194435094806,0.5728425387421884,0.6067753421972494,0.5863205192211682,0.5498913258249358,0.4993161808701598
0.536377617413936,0.4589913929974095,0.398057207437505,0.5008176347462062,0.7003367003367003,0.435171279410713,0.4817682037473354,0.5681465159122927,0.6023651628499559,0.581527708437344,0.5454784956859646,0.4941875373963587
0.5288654915414646,0.4567351884348625,0.3985684686381616,0.5046768707482994,0.695517264144715,0.4341223867076689,0.4775421668723588,0.5642452046382257,0.598314331449479,0.5764353469795307,0.5418230916156228,0.4881613813146423
0.5318821720099373,0.4591167376953288,0.4002637031456019,0.5019623233908949,0.6951211461015382,0.4362201721137572,0.4770185870825386,0.5634866163349348,0.5987390153866258,0.5769678815110667,0.5419877494566291,0.4891016326181724
0.5369691233881463,0.46122670677697,0.400667330409278,0.4989207221350079,0.6974978543605994,0.4376028034041336,0.4831893488911328,0.5696275692663368,0.603116526738754,0.5811948743551338,0.5460054007771851,0.4940593213095137
0.5397492014669348,0.4607880003342525,0.3988644619648576,0.4984955520669806,0.7012609757707796,0.4365539107010895,0.48330154456038,0.5709280063576925,0.604292574564699,0.582692627725079,0.5473555950734375,0.495897085220959
0.5380929847391459,0.4588660482994902,0.3971423189731722,0.5004578754578756,0.7023833102264474,0.4346945100002384,0.479524290362392,0.5664487230430229,0.6006010911110385,0.5797969712098517,0.5450833168675493,0.4933755021796734
0.5343664971016208,0.4586989220355979,0.3986222856066518,0.5016352694924124,0.6984881494685415,0.4352666332928079,0.4776169639851902,0.5633060000722465,0.5962889157492406,0.5764020635713096,0.5419548178884278,0.4888879391400975
0.5384478883236721,0.4608297819002256,0.3994833571024944,0.4988226059654632,0.699742523271935,0.436863810817898,0.4792998990238977,0.5650760394465918,0.5977263075365066,0.5774671326343818,0.5430744912072714,0.4915377382682281
0.54690642375488,0.462605498454082,0.3979226650162797,0.4950941915227629,0.7064105103320789,0.4371975494052302,0.4830771532218857,0.5695191995087238,0.601907810917644,0.58139457480446,0.546960416255022,0.4978203265236345
0.5403998580385662,0.4601821676276426,0.3977612141108091,0.4987899005756149,0.7029774872912127,0.4357195642327588,0.4841991099143573,0.5704222808221652,0.6028878507725981,0.582759194541521,0.5481788842784694,0.4973929395674843
0.5359635632319887,0.4588033759505306,0.3980033904690149,0.5010792778649922,0.7002046609889746,0.4350520870580944,0.4804966528292008,0.566520969548098,0.5989676913527817,0.5790314528207687,0.5457748797997761,0.4926916830498333
0.5369099727907252,0.4585735773376785,0.3972768613943977,0.5010138670852957,0.7015910741400937,0.4345991561181435,0.47656980440555,0.5617888234656648,0.5945575120054882,0.5749375936095856,0.5420206810248305,0.4865800495768869
0.5355495090500415,0.4597643519679117,0.3994295401340043,0.5004578754578756,0.6982240707730902,0.4362201721137572,0.4773177755338644,0.5628002745367193,0.5958642318120937,0.5768014644699616,0.5436672594348942,0.4876485169672622
0.54347568910446,0.4629815325478399,0.3999408013346608,0.4957482993197279,0.7019871921832705,0.4382941190493218,0.4836381315681215,0.5694469530036484,0.6020058149031394,0.5831253120319521,0.5509122044391754,0.4959398239165741
0.5423518277534602,0.4624174814072031,0.3997524419449452,0.4965005232862376,0.7015910741400937,0.4378888650504183,0.4853584651632447,0.5711808691254561,0.6025285028257816,0.5839241138292561,0.5504840940525588,0.4979485426104795
0.5395125990772507,0.4601612768446561,0.3981379328902403,0.4990515436944009,0.7019871921832705,0.435886433526425,0.4807958412805266,0.5665932160531735,0.5980203194929927,0.5800299550673987,0.5453797009813607,0.491281306094538
0.540104105051461,0.460349293891535,0.3981110244059953,0.4987244897959184,0.7023172905525846,0.4359817874085198,0.4778039567672688,0.5632337535671712,0.5953742118846167,0.5780995173905807,0.5435355331620891,0.4865800495768869
0.539867502661777,0.4613520514748893,0.3995102655867396,0.4980376766091052,0.7004687396844259,0.4371737109347064,0.4771681813082015,0.5639562186179244,0.5952762078991213,0.5780995173905807,0.5442600276625172,0.4889306778357124
0.5483851886904059,0.4644647781398847,0.3996448080079649,0.4932299843014129,0.7050901168548226,0.4390092731650338,0.4826657691013127,0.5695914460137991,0.5996537192512496,0.58372441337993,0.5490680366199039,0.4951705273955039
0.5489175440671951,0.4646945767527367,0.39967171649221,0.4929029304029304,0.7053541955502739,0.4391523039881761,0.4858820449530648,0.5715059783982951,0.6025611708209467,0.5866866367115993,0.5514720410985972,0.4976066330455595
0.5441854962735124,0.4624592629731762,0.3989720959018378,0.4959772370486657,0.7035716643559781,0.4375551264630861,0.4824413777628183,0.5675324206191525,0.5986410114011304,0.581860542519554,0.5462688533227953,0.4923925121805282
0.5371465751804093,0.4618325394835799,0.4013669509996502,0.4983974358974359,0.6967056182742457,0.438270280578798,0.4788511163469091,0.5633421233247842,0.59615824376858,0.5791313030454318,0.5428769017980636,0.487178391315497
0.5432982373121968,0.4681206651625303,0.4066679223959314,0.4917909471480901,0.6936026936026936,0.4442060597392072,0.4784023336699204,0.5647509301737528,0.6007317630916992,0.5846896322183391,0.5478825001646578,0.4932472860928284
0.5525848811072992,0.4738029581348709,0.4097623980841159,0.4847592883307169,0.6950551264276753,0.4488068845502873,0.4814316167395939,0.567604667124228,0.6068406781875797,0.5917789981694125,0.5541065665546994,0.5025643217369007
0.5569620253164557,0.4771454834127183,0.412076527729193,0.480932757718472,0.6946590083844986,0.4517390164247062,0.4816560080780883,0.5681826391648304,0.6098134657476071,0.5964053919121318,0.5582559441480603,0.5083340456449269
0.5587365432390867,0.4779184423832205,0.4122648871189086,0.4798207744636316,0.6953852247969894,0.452287301246752,0.4771307827517858,0.5651844092042048,0.6084740779458365,0.5957730071559327,0.5581571494434564,0.5069236686896316
0.5550692061989826,0.4757458009526196,0.4111347307806151,0.4825680272108844,0.6947250280583613,0.4505470928985196,0.4734283256666293,0.5622945490011921,0.6052072784293229,0.5924779497420536,0.5556872818283607,0.5017950252158304
0.5518159233408257,0.4763725244422161,0.4134219519414472,0.4829604918890633,0.6901036508879647,0.4519058857183723,0.4702868469277086,0.5596936748184806,0.6058606383326255,0.5931769013146946,0.5565435026015939,0.5009402513035301
0.5622855790843487,0.4829740118659647,0.4171622312515136,0.4749149659863946,0.6913580246913579,0.457341056997783,0.4704364411533715,0.5615359606979012,0.6124595733559832,0.6005991013479779,0.5631627478100507,0.5108983673818275
0.5781970897906069,0.4900142057324308,0.4189650996959341,0.4649725274725275,0.6980260117515018,0.4621564280435767,0.4638168966677886,0.5572372936459199,0.6139623011335795,0.6040938592111832,0.5683988671540539,0.5195743225916746
0.5750621081272922,0.4903484582602155,0.420875602077335,0.4655939298796442,0.6939327919720076,0.4631814822760971,0.4487078798758368,0.5432214716613084,0.6038025546372219,0.5982359793642869,0.5650398471975235,0.5166680912898538
0.5737607949840293,0.4888861034511573,0.419557086349326,0.4670983778126635,0.694857067406087,0.4617511740446733,0.4405549945772093,0.5357078351334754,0.5962235797589102,0.5928440672324846,0.5609234011723638,0.5119668347722028
0.5903821128593398,0.4881549260466282,0.4110540053278799,0.4630756148613292,0.7145309302172046,0.4575794417030203,0.4441078574367029,0.5414153090344255,0.5959622357975892,0.5920785488434015,0.5606599486267536,0.5134626891187282
0.6083638944753342,0.4884056154424668,0.4032236364125609,0.4579081632653062,0.7341387733544595,0.4542658943002217,0.4522233441789147,0.5506267384315284,0.599523047270589,0.5950740555832916,0.563195679378252,0.517309171724079
0.6128593398793327,0.4850004178156597,0.3967925086779862,0.459347200418629,0.7445698818247838,0.4494743617249517,0.4598900482441378,0.5585377307372756,0.6027245107967725,0.5967049425861207,0.5651386419021274,0.5185485938969143
0.6013249733822312,0.4797568312860366,0.3952587250760164,0.4666405023547881,0.7400145243282498,0.4457793987937734,0.4608250121545309,0.5572011703933822,0.5994903792754238,0.5921451156598435,0.5596061384443127,0.5139328147704932
0.5825150834023424,0.4755368931227542,0.3983801092484461,0.4751111983254841,0.7256882551000198,0.4447781830317767,0.4565989752795543,0.5491095618249467,0.5914867204599654,0.583491429522383,0.55051702562076,0.5047439952132662
0.5682597894238732,0.4736358318709784,0.4023894734009633,0.4805402930402931,0.7128144186967715,0.4454456602064411,0.4591420771158233,0.5485677130368819,0.5902453366436902,0.5811948743551338,0.5470921425278271,0.4992307034789299
0.5567845735241926,0.4728419821174898,0.4066141054274413,0.4843341182626897,0.7011949560969167,0.446875968437865,0.4715957964022589,0.5581403749593613,0.597138283623534,0.5882176734897654,0.5517354936442074,0.5024788443456706
0.5467881225600378,0.4678490849837051,0.4047305115302855,0.4910060177917321,0.697959992077639,0.4432048439772104,0.4813942181831782,0.5660513672651085,0.6011564470288459,0.5907472125145615,0.5512085885529868,0.5002564321736901
0.5348397018809891,0.4606626556363332,0.4009095067674838,0.4999345892203035,0.6959794018617548,0.4374120956399437,0.4813942181831782,0.5647148069212152,0.5963869197347359,0.5839241138292561,0.5442600276625172,0.4899991452260877
0.5300485034898852,0.4553355059747639,0.3962274305088394,0.5054618001046572,0.699016306859444,0.4322868244773415,0.4788137177904933,0.5619694397283531,0.5899186566920389,0.5757696788151105,0.5362576565896068,0.4794854261047953
0.527800780787886,0.4552101612768446,0.3970885020046821,0.5061813186813188,0.6967056182742457,0.43259672459415,0.4811698268446838,0.5635949860925478,0.5884812649047729,0.5735729738725245,0.5346769413159455,0.4762372852380546
0.5298710516976222,0.4563382635581181,0.3975997632053386,0.5047095761381476,0.6972997953390109,0.4334549095330044,0.4856950521709862,0.5683271321749811,0.5908986965469929,0.5761357963055416,0.5366528354080222,0.4797418582784853
0.533124334555779,0.4564218266900643,0.3962274305088394,0.5037611198325485,0.70079883805374,0.4329066247109586,0.488275552563671,0.5709641296102301,0.5920420763777727,0.5771010151439507,0.5373114667720477,0.4811522352337807
0.5220631728380457,0.4518676359989972,0.3953932674972419,0.5103676085818943,0.6955832838185779,0.4299506543660158,0.4843487041400202,0.5663403532854099,0.5877299010159747,0.5718755200532534,0.5328986366330766,0.4770920591503547
0.519105642966994,0.4493189604746386,0.3934558566315959,0.5131802721088435,0.6963755199049316,0.4276383227252139,0.4791877033546506,0.561355344435213,0.5829277057266996,0.5661507738392412,0.5274978594480669,0.4704675613300282
0.5274458772033598,0.4527032673184591,0.3940209348007427,0.50820905285191,0.7002706806628374,0.4298076235428735,0.4800104715957964,0.5623306722537298,0.5838750775864885,0.5672158429023132,0.5285846011987091,0.4711086417642534
0.5314681178279901,0.4556488677195621,0.3959852541506337,0.5048076923076924,0.7001386413151118,0.4323583398889127,0.4841617113579416,0.5677491601343786,0.5888406128515893,0.5736395406889665,0.5346769413159455,0.478203265236345
0.5318821720099373,0.4567351884348625,0.3971692274574174,0.5038592360020933,0.6988842675117185,0.4335025864740518,0.4865926175249636,0.5698804320341004,0.5910293685276535,0.5767348976535197,0.5385299347954949,0.4801265065390205
0.5233053353838873,0.452891284365338,0.3961467050561042,0.5092229199372057,0.6953852247969894,0.4308565162459176,0.4827031676577284,0.5655095184770437,0.5881545849531215,0.5726077550341154,0.5355331620891788,0.4751688178476793
0.5170945226546789,0.4514289295562798,0.3970885020046821,0.5121009942438515,0.6907638476265927,0.4304274237764905,0.4819177979729983,0.5642452046382257,0.5871092091078371,0.5699783657846563,0.5324375946782586,0.469570048722113
0.5177451792263101,0.4522227793097685,0.3978150310792993,0.5112833594976453,0.6902356902356901,0.4312140933037736,0.4906690601742773,0.5751905501571362,0.5962889157492406,0.5752704276917956,0.5325693209510637,0.4667492948115224
0.5202295043179936,0.4551265981448985,0.4004251540510723,0.5083071690214548,0.6884531590413943,0.4340270328255739,0.504992707281499,0.5904706859805657,0.6093234458201301,0.5857547012814112,0.5382006191134822,0.4668347722027524
0.5276824795930438,0.4630442048967995,0.4072330005650782,0.5000654107796966,0.6842278999141744,0.441559989511073,0.4968024234264558,0.5796698334718058,0.6058279703374605,0.5948743551339657,0.5549298557597313,0.4827763056671511
0.5280965337749911,0.4732597977772207,0.4202028899712079,0.4919544740973312,0.6685812372086881,0.4531216477150826,0.4592542727850705,0.535852328143626,0.5853124693737546,0.601531036778166,0.5816702891391689,0.5138473373792631
0.5378563823494618,0.4836425169215341,0.4291095982563302,0.4811289900575615,0.6631016042780747,0.4629907745119073,0.4174426867122929,0.4869053209550988,0.55793668942537,0.6020635713097021,0.6078508858591847,0.5500470125651765
0.5625813320714539,0.4881758168296147,0.4237279014073137,0.470728676085819,0.6835016835016834,0.4632053207466209,0.3970604734657243,0.4636780695733844,0.5301688935350037,0.5889831918788484,0.6181913982743859,0.5853064364475596
0.595883118419496,0.488301161527534,0.4087398756828028,0.4614403453689168,0.7204727008648576,0.4566259028820711,0.3936572048318935,0.4646895206444388,0.5057985691418118,0.5596272258279247,0.6003424883092933,0.6042824173006239
0.6089554004495445,0.4925628812567895,0.4082824314506364,0.4544740973312402,0.7283290420545322,0.4588667191113019,0.387262051684805,0.4627027417548676,0.4793048250628859,0.5247794974205359,0.5608904696041626,0.5989828190443628
0.614870460191648,0.5133283195454166,0.4323386163657401,0.4365842490842491,0.7021192315309961,0.4813702352857041,0.3492277198100154,0.4203301665281942,0.4305641762765019,0.4943917457147611,0.5382664822498848,0.6080006838191299
0.6287708505855909,0.5449569649870477,0.4667545677152006,0.4079997383568812,0.6676569617746088,0.5146725786073566,0.2794046149818617,0.3413286132283351,0.3721211329260724,0.4802795806290564,0.5483435421194757,0.6453543037866485
0.6249260617532237,0.5565722403275675,0.4834916449156419,0.3999542124542125,0.6449461939658018,0.5287134377458342,0.2162384531957066,0.259039843947549,0.265231452745745,0.3958728573805957,0.4892643087663834,0.643345585092743
0.5499822548207737,0.5185719060750397,0.4686112531281112,0.4504513343799058,0.6213771703967782,0.5004171732341653,0.2616776992408093,0.2787631398331106,0.1757538139884355,0.2560825428523881,0.3464400974774419,0.5425677408325498
0.463504081391222,0.4728210913345032,0.4490218765976912,0.5101386708529566,0.5971479500891265,0.4656606832105652,0.3541643292568907,0.3636889065491457,0.1900297278756003,0.2123481444499916,0.2828821708489758,0.4572613043849902
0.4106234472968177,0.4502590457090331,0.4440168985281059,0.5424515960230246,0.5737769855416913,0.4505470928985196,0.4376005086203673,0.4503124661344507,0.2739864754500016,0.2704276917956398,0.3114667720476849,0.4154628600735106
0.3732994203241453,0.4257123756998412,0.4293786830987811,0.5719845630559917,0.5708721198917277,0.4300698467186346,0.5196155428400464,0.5362496839215404,0.3524223318414949,0.327741720752205,0.3361654481986432,0.3673818275066245
0.3724121613628298,0.4099607253279853,0.4094933132416651,0.5845434327577185,0.5947712418300654,0.4122863477079311,0.5751897976738098,0.5988512805693025,0.4057691679461632,0.3702113496422033,0.3633669235328986,0.3558851183861868
0.3944753342008755,0.4108381382134202,0.4005866049565428,0.5777407116692831,0.6180761867036376,0.40882976948199,0.5848386252290662,0.6168045370805187,0.4357257195125935,0.4049259444167082,0.3934334453006652,0.365031199247799
0.4170117118182894,0.4117991142308013,0.3915722627344402,0.5707744636316066,0.641711229946524,0.4053970297265727,0.5846890310034034,0.6254379944370191,0.4644408872627487,0.43754368447329,0.4211947572943423,0.3816992905376528
0.4347568910445996,0.4093548926213755,0.3803514248042408,0.5677982731554161,0.6653462731894104,0.3990321580967365,0.5724597030554621,0.6196221507784562,0.4820162686615922,0.457214178731902,0.4370677731673582,0.3909308487904949
0.447710871879806,0.410524776468622,0.3759922503565375,0.563284929356358,0.6779560308972074,0.3977448806884551,0.5573132877070945,0.6093270238052235,0.4932213910032341,0.4711266433682808,0.4487584798788118,0.3984528592187366
0.4666390630545368,0.4174605164201554,0.3762882436832333,0.5526229722658295,0.6881230606720803,0.4018450976185368,0.5506563446650959,0.6088935447747715,0.5106007644310869,0.4895989349309368,0.4647302904564315,0.4105479100777844
0.4902401514255294,0.4289922286287289,0.380405241772731,0.5370879120879121,0.696243480557206,0.4102600777134139,0.5481506413852425,0.6129393490589893,0.5335990330273431,0.5140955233815943,0.4851149311730224,0.4281562526711684
0.5054418549627351,0.4393749477730425,0.3868632779915507,0.524757980115123,0.6967716379481085,0.419032634866147,0.5474774673697596,0.6186106997074017,0.5560746137009572,0.5361957064403394,0.5037212672067444,0.4459355500470126
0.5086951378208919,0.4451408038773293,0.3927831445254689,0.519328885400314,0.6913580246913579,0.4249445755560324,0.5353977336474812,0.6100133656034389,0.5667570481199569,0.5468463970710601,0.513765395508134,0.4530301735191042
0.5118892700816278,0.4524107963566475,0.4006942388935231,0.5127551020408164,0.6834356638278206,0.43259672459415,0.5072366206664423,0.5860275259184338,0.5706772075397734,0.5543018805125643,0.5211420667852203,0.4588426361227455
0.5211759138767302,0.4603075123255619,0.4066679223959314,0.5039900575614862,0.6813230342642107,0.4397482657512694,0.4841991099143573,0.5670989415887007,0.5763614386985072,0.5636878016308869,0.5298689323585589,0.4674331139413625
0.5269726724239915,0.4640469624801537,0.4088475096197831,0.4994767137624281,0.6818511916551132,0.4428472669193544,0.4813194210703467,0.5664125997904851,0.5845284374897912,0.5726077550341154,0.5387933873411052,0.4746986921959142
0.5282739855672542,0.4653421910253196,0.4099238489895864,0.4981030873888017,0.6812570145903479,0.4440630289160647,0.4808332398369423,0.567279557851389,0.5883179249289472,0.5765684806124146,0.5439307119805045,0.4795709034960253
0.5214125162664143,0.4640260716971672,0.4113769071388209,0.5010138670852957,0.6756453423120089,0.4439676750339698,0.4763454130670556,0.5620416862334284,0.5855411453399105,0.5744050590780495,0.5422841335704407,0.4774767074108898
0.5219448716432036,0.4641096348291134,0.4112423647175954,0.5008176347462062,0.6761074800290486,0.4439438365634461,0.4715957964022589,0.5566593216053174,0.5821763418379015,0.5711432850723914,0.5394520187051307,0.4736302248055389
0.5278599313853071,0.4661778223447815,0.4111885477491053,0.4975470957613815,0.6794744833960519,0.4450880831485851,0.4706982310482815,0.5561535960697901,0.5845937734801215,0.5740722249958395,0.5415596390700126,0.4759808530643645
0.5356678102448835,0.4695830199715884,0.4120227107607029,0.4927394034536892,0.6828414867630553,0.4474242532599108,0.4731665357717192,0.5593324422931041,0.5891019568129104,0.5781660842070228,0.545182111572153,0.4810240191469357
0.5386844907133562,0.4705439959889696,0.4118881683394774,0.4911368393511251,0.684690037631214,0.4479010226703854,0.4740267025692808,0.5611024816674494,0.5919767403874425,0.58139457480446,0.5484423368240796,0.4841439439268314
0.5341298947119366,0.4698128185844405,0.4130183246777709,0.4930010465724752,0.6807288571994453,0.4479725380819566,0.4706608324918658,0.557020554130694,0.5894286367645618,0.5796971209851888,0.5461371270499902,0.4807675869732456
0.5282739855672542,0.4686011531712208,0.4141484810160644,0.4955520669806384,0.6760414603551858,0.4477818303177668,0.4660982086091477,0.5522884080482607,0.5855738133350756,0.5765684806124146,0.5428439702298624,0.4766219334985896
0.529575298710517,0.4692069858778307,0.4142830234372898,0.4947344322344323,0.676635637419951,0.4482109227871939,0.4646770634653502,0.5521077917855725,0.5863251772238739,0.5773339990014977,0.5438977804123032,0.4796563808872554
0.5347214006861469,0.4703977605080638,0.4135026773941824,0.4923796441653585,0.6804647785039941,0.4485446613745262,0.467407158083698,0.5545280497055955,0.5895593087452223,0.5807289066400398,0.5469933478232233,0.4846995469698265
0.5369691233881463,0.4712751733934988,0.4136372198154078,0.4910387231815803,0.681521093285799,0.4490929461965721,0.4695014772429784,0.5560091030596395,0.5907680245663324,0.583491429522383,0.5491009681881052,0.486751004359347
0.5325919791789898,0.4707946853848082,0.4149826440276619,0.4926412872841444,0.6774938931801677,0.4494266847839043,0.4646770634653502,0.5518549290178087,0.5868151971513508,0.5807954734564819,0.5465981690048081,0.4839302504487563
0.526262865254939,0.4700426171972925,0.4168931464090628,0.4949960753532182,0.6715521225325146,0.4498319387828077,0.4613111933879352,0.5480619875013546,0.5831563816928556,0.5773672824097188,0.5435684647302904,0.4801265065390205
0.5280373831775701,0.4721734770619203,0.4188305572747087,0.4928375196232339,0.6702317290552584,0.4519058857183723,0.462433150080407,0.5482787270165806,0.5843650975139656,0.5786320519221169,0.5455114272541658,0.4813659287118557
0.5310540636460429,0.4744505724074538,0.4203912493609235,0.4902210884353742,0.6699676503598071,0.4539083172423658,0.4662478028348106,0.5534804753820034,0.5886446048805986,0.582859044766184,0.5496278732793255,0.487007436533037
0.5343664971016208,0.4752026405949694,0.4198261711917768,0.4886839351125066,0.672476397966594,0.4540751865360319,0.4657616216014062,0.5542029404327565,0.5896573127307178,0.5842902313196872,0.5509122044391754,0.4907684417471579
0.5313498166331481,0.4731762346452745,0.4186152894007481,0.4911041339612769,0.6723443586188683,0.4523826551288469,0.4620591645162497,0.5490734385724091,0.5850837934075986,0.5804293559660508,0.5470921425278271,0.4866655269681169
0.5273867266059387,0.4731135622963148,0.4203374323924334,0.4922815279958137,0.6679870601439227,0.4530978092445588,0.4558510041512398,0.5435104576816097,0.5807389500506355,0.5761357963055416,0.5428439702298624,0.482391657406616
0.5290429433337277,0.4749728419821175,0.4219788499313834,0.4903519099947672,0.666864725688255,0.4549095330043624,0.4542428662253637,0.5414514322869631,0.5799549181666722,0.5749375936095856,0.5419877494566291,0.4827763056671511
0.5421152253637762,0.4791092170134536,0.4213599547937465,0.4834837781266353,0.6749851455733807,0.456983479939927,0.4568233666180485,0.5438716902069862,0.5825030217895528,0.5777666833083707,0.5462688533227953,0.4888452004444825
0.5452502070270909,0.4813863123589872,0.422866829911471,0.4808673469387755,0.6748531062256552,0.4589382345228731,0.4577957290848573,0.5443412924899759,0.5832217176831859,0.5797304043934098,0.5501218468023448,0.4938883665270536
0.5417603217792499,0.480843152001337,0.4237279014073137,0.4822409733124019,0.6718822209018286,0.4590097499344442,0.4545046561202738,0.5396452696600802,0.578484858384241,0.5753369945082376,0.5461041954817889,0.4900418839217028
0.5286880397492015,0.4780646778641263,0.4261227565051261,0.4880298273155417,0.661649171453093,0.4584853035829221,0.4473989304012866,0.5323483726474731,0.5721472673222046,0.5690797137626892,0.5388263189093065,0.4839302504487563
0.5307583106589376,0.4804671179075791,0.4283023437289777,0.4855769230769231,0.6601307189542482,0.4608453121647715,0.4484460899809268,0.5321677563847849,0.5706772075397734,0.5677483774338492,0.5372785352038464,0.4849132404479016
0.5377972317520407,0.4843736943260633,0.4301321206576434,0.4805729984301413,0.6617812108008186,0.4638727979212854,0.4495680466733984,0.5337210562439042,0.5711672274672503,0.5681477783325012,0.5400777185009551,0.4888879391400975
0.536436768011357,0.4858569399181081,0.432607701208191,0.4797880690737834,0.6579520697167756,0.4658275525042313,0.4481843000860167,0.5324206191525486,0.5695991636993238,0.5679147944749542,0.541625502206415,0.4906829643559279
0.5259079616704129,0.4843528035430768,0.4354869090224147,0.4838762428048143,0.6485772760282563,0.4662328065031347,0.4414525599311867,0.5246902431094895,0.5619221848355167,0.5619237809951738,0.5358624777711916,0.4862808787075818
0.5259671122678339,0.486274755577839,0.4379355810887173,0.4823390894819466,0.6456063907044298,0.468425945791318,0.435880175025244,0.5173210995918073,0.5534938420829114,0.5553669495756365,0.5287492590397155,0.4816650995811607
0.5275050278007808,0.4877371103868972,0.4391195543955009,0.480801936159079,0.6450122136396645,0.469760900140647,0.4321403193836718,0.5127695697720622,0.5476462709483519,0.5508736894658013,0.5263123229928209,0.4819215317548508
0.5257896604755709,0.4901186596473635,0.4429674676425477,0.4793956043956044,0.6393345216874629,0.4728360628382083,0.4340476457608736,0.5127334465195247,0.5468949070595538,0.5511066733233483,0.5284858064941053,0.4878622104453372
0.5276233289956229,0.4927508983036684,0.4454968651615855,0.4768445839874412,0.6372218921238528,0.4754582945958187,0.4330004861812334,0.5104576816096521,0.5440527914801869,0.5493093692794142,0.5288809853125206,0.4894435421830926
0.5209984620844671,0.4916854683713546,0.4471651911847805,0.4794937205651491,0.6314781804977883,0.4756013254189611,0.4255581734545047,0.5019325940107647,0.5336317010225083,0.5409219504077217,0.5219653559902522,0.4840584665356013
0.5152017035372057,0.4923748642099105,0.4506902026208863,0.4805402930402931,0.6239519376774278,0.4775560800019071,0.4148621863196081,0.4897951811581115,0.5207278429322794,0.5299717091030121,0.5127115853256933,0.4770920591503547
0.5117709688867857,0.4946728503384306,0.4552108279740602,0.4797226582940869,0.6164917145309301,0.4808696274047058,0.4093271999700811,0.4817758190947513,0.5109274443827383,0.5217839906806456,0.5073766712770862,0.4761518078468245
0.5124216254584172,0.498015375616278,0.4592201921265775,0.4769099947671377,0.6119363570343962,0.4845407518653603,0.4068962938030592,0.4784886031138244,0.5054065531998302,0.5182892328174404,0.5066192452084568,0.4798700743653304
0.515556607121732,0.5018592796858026,0.4627721120469284,0.4730180533751962,0.6092955700798838,0.4883072302081099,0.4028946482665769,0.4743344290719937,0.4983175982489954,0.5132967215842902,0.5032602252519265,0.4813659287118557
0.5010055601561576,0.4995612935572825,0.4664047574200145,0.4788723181580325,0.5967518320459497,0.4885932918543946,0.3938441976139721,0.4627027417548676,0.4830943125020417,0.5004160426027625,0.4931502338141342,0.4755534661082144
0.4887613864900036,0.4987674438037938,0.4709522912574334,0.4828623757195186,0.5843401333597411,0.4901666309089609,0.383223007591907,0.4497706173463859,0.4674790108131064,0.4855050757197536,0.4816571165118883,0.4670912043764424
0.4905950550100556,0.5016085902899641,0.4737776821031671,0.4801151229722658,0.5818974054268171,0.4930272473718086,0.3778002169116272,0.443196185384532,0.4575479402829049,0.4764852720918622,0.4754989132582494,0.465338917856227
0.4976339761031586,0.5054107127935155,0.4754729166106073,0.4752093144950288,0.5837459562949758,0.4959593792462275,0.3750701222932794,0.4392226276053896,0.4499689654045932,0.4715926110833748,0.4726997299611407,0.4678605008975126
0.4914231633739501,0.5071028662154258,0.4804778946801926,0.4756017791732078,0.5741070839110054,0.4991298958258838,0.3737611728187293,0.4347072210381822,0.4422266505504557,0.4658012980529206,0.4681881051175657,0.4692281391571929
0.4821956701762688,0.5066014874237487,0.4840298146005435,0.47854526425955,0.5646662705486235,0.5004171732341653,0.3651221062866974,0.4247372033377886,0.4273953807454836,0.4530537527042768,0.4597576236580386,0.464997008291307
0.4775227729800071,0.5052435865296231,0.4844334418642198,0.4809000523286238,0.5615633458770714,0.499821211471072,0.3552862859493624,0.4118050789293068,0.4112900591290713,0.4378765185555,0.4477705328327735,0.4565347465595351
0.4759848574470602,0.5070610846494527,0.4874471920996691,0.4799188906331764,0.5569419687066745,0.5022050585234452,0.3513220389692957,0.406278221291045,0.403351736303943,0.4302879014811116,0.4425014819205691,0.4547397213437046
0.4781142789542174,0.50925461686304,0.4892769690283347,0.4775968079539509,0.5559516735987323,0.5042790054590097,0.3513594375257115,0.405013907452227,0.3989415569566496,0.4266600099850224,0.4404267931238885,0.4575177365586802
0.4788240861232699,0.5097351048717306,0.4895998708392757,0.4770081109366824,0.5559516735987323,0.5046842594579133,0.351696024533453,0.40342448434057,0.3941066936722094,0.4220003328340821,0.437397088849371,0.4571330882981452
0.4697148941204306,0.506998412300493,0.4902187659769125,0.4816849816849817,0.5500759226249421,0.5033969820496317,0.3497139010434198,0.4001372683596431,0.386854398745549,0.4144449991679148,0.4303826648224989,0.4504658517822036
0.4656335028983793,0.5040737026823765,0.4882813551112666,0.4851190476190476,0.550141942298805,0.5008701041741163,0.3459366468454318,0.3950438897518333,0.3799614517657051,0.4063571309702113,0.4230059935454126,0.443371228310112
0.4673488702235893,0.5020890782986546,0.4849716115491214,0.4861656200941915,0.5552254571862414,0.4982717108870295,0.3490781255843524,0.3986200917530614,0.3806801476593381,0.4054584789482442,0.4213594151353487,0.4396529617916062
0.4750975984857447,0.5021099690816412,0.4814466001130156,0.4840070643642072,0.5638740344622697,0.4967222103029869,0.3579415834548786,0.4082650001806162,0.3881937865473196,0.4118156099184556,0.4249160245010868,0.4446961278741773
0.4782325801490595,0.4992479318124843,0.47633398810645,0.4854133961276819,0.5718624149996698,0.4928127011370951,0.3646733236097087,0.4165011017592024,0.396197445362778,0.4176069229489099,0.4280115919120069,0.4465766304812377
0.472140068614693,0.4941714715467535,0.4725937087963835,0.4910714285714286,0.5730507691292005,0.4882595532670624,0.3681513893563709,0.4209081385687967,0.4008363006762275,0.418239307705109,0.4268919185931634,0.4416616804855116
0.472199219212114,0.4906409292220272,0.4680192664747195,0.4938186813186814,0.5786624414075394,0.4842308517485518,0.3719286435543588,0.4258209009139183,0.4064551958446311,0.4201697453819271,0.4262662187973391,0.4361483887511753
0.4810718088252692,0.488948775800117,0.4618034066141054,0.4926739926739927,0.5912721991153362,0.4805120503468498,0.381614869666031,0.4377776975038832,0.4177256541766032,0.4296555167249126,0.4317328591187512,0.4372595948371656
0.4929019283094759,0.4882384891785744,0.4555068213007561,0.4899594453165882,0.6055984683435662,0.4773176952966697,0.3960507124424997,0.4549001192067334,0.4352683675802816,0.4443002163421534,0.4422380293749588,0.4446106504829472
0.493020229504318,0.4840812233642516,0.4500982159674946,0.4931645735217164,0.6123324750775729,0.4725500011919235,0.4056995399977561,0.4679406133728281,0.4509163372643821,0.4570477616907971,0.4508661002436936,0.4488417813488333
0.4956820063882645,0.4802373192947272,0.4439361730753707,0.4954539508110937,0.6213111507229153,0.4676392762640349,0.4128800628295748,0.477368782285157,0.4638201953546111,0.4667998002995506,0.4562668774287032,0.4470040174373878
0.4957411569856856,0.4764769783571488,0.4390657374270107,0.4983974358974359,0.6273189410444312,0.4633245130992396,0.4175174838251244,0.4835819817216342,0.4733265819476659,0.474222000332834,0.4589014028848054,0.4428156252671169
0.5050278007807879,0.4763307428762429,0.4346527460108172,0.4959118262689692,0.6379481085363438,0.4612982431047224,0.4244362167620331,0.4929379041288877,0.4858384240959132,0.4844732900649026,0.4668379108213133,0.4426874091802718
0.5118892700816278,0.4760173811314448,0.4311277345747114,0.4942765567765568,0.6460685284214696,0.45955803475649,0.4371517259433786,0.5086153957302316,0.5041651693835549,0.5008487269096356,0.4805374431930448,0.452004444824344
0.5221223234354667,0.4754324392078215,0.4257191292414498,0.491921768707483,0.6584142074338152,0.4568166106462609,0.4447062343393545,0.5194162482389915,0.5186697592368757,0.5142286570144783,0.4904169136534282,0.4586716813402855
0.5202886549154147,0.4721734770619203,0.4223555687108145,0.49496336996337,0.6615831517792301,0.4534792247729386,0.4479225101911066,0.524654119856952,0.5264774100813434,0.5202529539024795,0.493479549496147,0.4574749978630652
0.5188690405773099,0.4698337093674271,0.4199876220972473,0.4971873364730508,0.6636297616689774,0.4510953777205655,0.4494932495605669,0.5280858288480295,0.5329130051288753,0.5256115826260609,0.4958835539748403,0.4555944952560047
0.5254939074884657,0.4702933065931311,0.4175927669994349,0.4949960753532182,0.6702977487291212,0.4502848697227585,0.4524851340738248,0.5337571794964419,0.5421907157557742,0.5324679647195872,0.5012184680234473,0.4574322591674503
0.5337749911274104,0.4716094259212834,0.4154939052283185,0.4916601255886971,0.6774938931801677,0.4501180004290924,0.4618347731777554,0.5444857855001264,0.5546698899088564,0.5438508903311698,0.5099453335967858,0.4645268826395419
0.5369691233881463,0.4720481323640009,0.4145790167639857,0.4904500261643119,0.6803987588301313,0.4499511311354264,0.4670331725195408,0.5513130802297439,0.5643722844729019,0.5528041271426193,0.5172561417374696,0.469441832635268
0.5327102803738317,0.4697710370184674,0.4136103113311627,0.4934262166405024,0.6792104047006007,0.4482109227871939,0.4657616216014062,0.5520716685330347,0.5673777400280945,0.5561990347811615,0.5194954883751565,0.4683306265492777
0.5269135218265705,0.4677028495027993,0.4135834028469176,0.4966313448456306,0.675975440681323,0.4470428377315311,0.4636673024421258,0.5508434779467544,0.5692724837476725,0.5573972374771176,0.5191332411249424,0.465296179160612
0.5331834851532001,0.4705857775549428,0.4144713828270054,0.4926412872841444,0.6784181686142471,0.4490691077260483,0.4674445566401137,0.5560813495647148,0.5756100748097089,0.5624563155267099,0.5229533030362906,0.4680314556799726
0.5454276588193541,0.4727793097685301,0.4116998089497619,0.4875392464678179,0.6886512180629827,0.4490929461965721,0.4733909271102136,0.5622945490011921,0.5833197216686812,0.5691462805791313,0.5286504643351116,0.4733310539362338
0.5484443392878269,0.472695746636584,0.4102198423162823,0.4867870225013083,0.6921502607777117,0.4484016305513838,0.4773177755338644,0.5668822020734746,0.5896246447355526,0.5755034115493426,0.5348745307251531,0.4788016069749552
0.5474387791316693,0.4710453747806467,0.4085515162930872,0.4883241758241758,0.6936687132765563,0.4467090991441989,0.4764202101798871,0.5663042300328722,0.5902780046388554,0.5752371442835746,0.5339524468155173,0.4772202752371997
0.5390985448953034,0.4682669006434361,0.4087667841670478,0.4928375196232339,0.6887172377368456,0.4452072755012038,0.4715583978458432,0.5610663584149117,0.5867171931658555,0.5709768680312863,0.5296054798129487,0.4690999230703479
0.5421152253637762,0.469562129188602,0.4090627774937438,0.4909733124018838,0.6900376312141018,0.4460892989105819,0.472119376192079,0.5619694397283531,0.5883179249289472,0.5722749209519055,0.5308898109727985,0.4693136165484229
0.5518159233408257,0.4728002005515166,0.4087936926512929,0.4857731554160126,0.6957813428401664,0.4478056687882905,0.4765324058491342,0.5686161181952823,0.5944595080199929,0.5783657846563488,0.5367516301126259,0.4759381143687495
0.552348278717615,0.4738865212668171,0.4099776659580766,0.4847592883307169,0.6946590083844986,0.4489499153734297,0.4814690152960096,0.5737456200556299,0.5992290353141029,0.583957397237477,0.5417572284792201,0.4803829387127105
0.5463149177806697,0.4719018968830951,0.4101929338320372,0.4879971219256934,0.6909619066481811,0.4479248611409092,0.4790381091289877,0.5705306505797781,0.5967135996863873,0.581860542519554,0.5396825396825397,0.4773484913240448
0.5459008635987224,0.4704395420740369,0.408470790840352,0.4892399267399268,0.6928764771902026,0.4463276836158192,0.4728299487639777,0.5646786836686776,0.5924994283100846,0.5775669828590447,0.5355002305209774,0.4722198478502436
0.5474979297290903,0.4719018968830951,0.4096009471786455,0.4876700680272109,0.6923483197993001,0.4476626379651481,0.4744380866898538,0.5661958602752593,0.593544804155369,0.5784656348810118,0.5363235197260094,0.4723480639370886
0.550514610197563,0.4736358318709784,0.4104889271587331,0.4854788069073784,0.6929424968640654,0.4490452692555245,0.4809454355061894,0.5714337318932197,0.598314331449479,0.5827259111333,0.5406375551603768,0.4764509787161296
0.5499822548207737,0.4743879000584942,0.4116729004655168,0.4850209314495029,0.6912259853436323,0.4499988080764738,0.4841617113579416,0.574684824621609,0.6018424749273138,0.5865867864869363,0.5450174537311467,0.482391657406616
0.5447770022477227,0.4731135622963148,0.412426338024379,0.4874738356881214,0.6873968442595892,0.4495935540775704,0.4816186095216725,0.5722284434490482,0.5996863872464148,0.5844899317690131,0.5434038068892841,0.4792717326267202
0.5386844907133562,0.4705022144229965,0.4118343513709873,0.4912022501308216,0.684690037631214,0.447853345729338,0.4751860578181682,0.5663042300328722,0.5945248440103231,0.5788317523714428,0.5391556345913192,0.4734165313274639
0.539867502661777,0.470940920865714,0.4118343513709873,0.4905154369440084,0.6853502343698421,0.4481155689050991,0.4759714275028984,0.5661597370227215,0.5945575120054882,0.5789648860043268,0.539254429295923,0.473715702196769
0.5514610197562996,0.4742625553605749,0.4108656459381643,0.4846938775510205,0.6930745362117912,0.4495697156070466,0.4796364860316393,0.5708196366000795,0.5990656953382771,0.5847561990347812,0.5437989857076994,0.4799555517565604
0.5549509050041406,0.4757875825185927,0.4112423647175954,0.4825680272108844,0.6945269690367729,0.4505947698395671,0.4821421893114926,0.5744319618538453,0.6022344908692954,0.5881511066733233,0.5478825001646578,0.4845285921873664
0.5548917544067195,0.4766023230550681,0.4123456125716438,0.4819466248037677,0.6931405558856538,0.4515721471310401,0.4796364860316393,0.5724090597117364,0.5999150632125707,0.5866866367115993,0.5466640321412105,0.4832891700145312
0.5413462675973028,0.4713169549594718,0.4116729004655168,0.4898286237571952,0.6864065491516471,0.4482347612577177,0.4714088036201803,0.564425820900914,0.5933161281892131,0.5791313030454318,0.5399459922281499,0.473972134370459
0.5450136046374068,0.4714422996573911,0.4101660253477922,0.4887166405023548,0.690301709909553,0.4476387994946244,0.4703990425969558,0.563775602355236,0.5926301002907451,0.5772674321850556,0.5385957979318976,0.4729891443713138
0.5493907488465634,0.4731135622963148,0.4103274762532627,0.4861656200941915,0.6925463788208885,0.4486876921976686,0.4753730506002468,0.5685077484376694,0.596876939662213,0.5813280079880179,0.5431403543436738,0.4793999487135653
0.5532946882763516,0.4745550263223865,0.4104082017059979,0.483974358974359,0.6946590083844986,0.4495220386659991,0.479786080257302,0.5731315247624897,0.600960439057855,0.5849226160758861,0.546235921754594,0.4844431147961364
0.550573760794984,0.4732597977772207,0.4099776659580766,0.4857404500261643,0.6936687132765563,0.4486161767860974,0.477766558210853,0.570241664559477,0.598314331449479,0.5827924779497421,0.5440295066851083,0.4821352252329259
0.5426475807405655,0.4699381632823598,0.4093049538519495,0.4905154369440084,0.6900376312141018,0.4464230374979141,0.4709600209431916,0.5637394791026984,0.59259743229558,0.5769678815110667,0.5396496081143384,0.4756816821950594
0.5461374659884065,0.4725704019386646,0.41110782229637,0.4875065410779697,0.6897735525186505,0.4487115306681923,0.4715209992894275,0.5644980674059892,0.5942635000490021,0.5782326510234648,0.5420536125930318,0.478374220018805
0.5503371584053,0.4741998830116152,0.4112692732018406,0.4850536368393511,0.6919522017561233,0.449712746430189,0.4758218332772355,0.5693385832460355,0.5979876514978276,0.5825927775004159,0.54587367450438,0.4830754765364561
0.5492724476517213,0.4735104871730592,0.4108656459381643,0.4859039769754055,0.6918201624083976,0.4491406231376195,0.4789633120161562,0.5720117039338223,0.5997190552415799,0.5840572474621402,0.5476519791872488,0.4835883408838362
0.5448953034425649,0.4727584189855436,0.4119150768237226,0.4877027734170592,0.6881230606720803,0.4491644616081433,0.4749990650360896,0.5678936531445291,0.5966155957008918,0.581261441171576,0.5451491800039517,0.4811949739293957
0.5428841831302497,0.4723823848917857,0.4123456125716438,0.4885531135531135,0.6864725688255099,0.4491406231376195,0.4696136729122256,0.5630531373044829,0.5918134004116168,0.5761357963055416,0.5399459922281499,0.4753825113257544
0.5428250325328287,0.4726748558535973,0.412722331351075,0.4883241758241758,0.6859444114346075,0.4494743617249517,0.4703616440405401,0.5618249467182026,0.5914213844696352,0.5753369945082376,0.5382664822498848,0.4743567826309941
0.5499231042233527,0.4745132447564134,0.4118881683394774,0.4849228152799582,0.6908958869743183,0.4501656773701399,0.4748494708104267,0.567062818336163,0.5960929077782496,0.5799301048427358,0.5428769017980636,0.4800837678434054
0.5516384715485627,0.4744505724074538,0.4110270968436348,0.4845303506017792,0.6929424968640654,0.4497365849007128,0.4773925726466959,0.5694469530036484,0.5974322955800203,0.581028457314029,0.5437660541394981,0.4819215317548508
0.547024724949722,0.4728419821174898,0.4110540053278799,0.4870486656200942,0.6903677295834157,0.4488545614913347,0.4747746736975953,0.5666654625582488,0.5938714841070204,0.5777001164919288,0.5406704867285781,0.4780750491495
0.5444812492606176,0.4711916102615525,0.410112208379302,0.4890436944008373,0.6900376312141018,0.447495768671482,0.4698006656943042,0.5616804537080519,0.5889712848322498,0.5730404393409885,0.5364881775670157,0.4735020087186939
0.5457825624038803,0.472967326815409,0.4117805344024971,0.4873103087388802,0.6887172377368456,0.4492359770197144,0.4708104267175287,0.5616443304555142,0.5897553167162132,0.5743384922616076,0.5375419877494566,0.4749551243696042
0.5476753815213534,0.4738865212668171,0.4121034362134381,0.4860347985347986,0.6894434541493364,0.4499034541943789,0.4745876809155167,0.5661597370227215,0.5932507921988829,0.5781993676152437,0.5411644602515971,0.4798700743653304
0.5514610197562996,0.4753070945099023,0.4122379786346635,0.4839089481946625,0.6913580246913579,0.4507854776037569,0.4782153408878417,0.5702055413069393,0.5966809316912222,0.582559494092195,0.5443588223671211,0.4822634413197709
0.5472613273394062,0.4740954290966825,0.4125608804456045,0.4860020931449503,0.6885851983891199,0.4502371927817111,0.475747036164404,0.567062818336163,0.5939368200973506,0.5801963721085038,0.5421524072976356,0.47841695871442
0.5419969241689342,0.4722570401938665,0.4125608804456045,0.488880167451596,0.6856803327391562,0.4491883000786669,0.4700250570327985,0.5607773723946105,0.5885466008951031,0.5748377433849227,0.537574919317658,0.4725190187195487
0.5431207855199338,0.4719854600150413,0.4117267174340069,0.4888147566718995,0.6873308245857265,0.4486638537271449,0.4687161075582483,0.5599826608387819,0.5863578452190389,0.5733732734231984,0.5355990252255812,0.4714078126335584
0.5483851886904059,0.4735522687390323,0.4113769071388209,0.4861002093144951,0.6906978279527298,0.4494028463133805,0.472792550207562,0.5652205324567424,0.5909640325373232,0.5775336994508237,0.5400118553645524,0.4771775365415847
0.5518159233408257,0.4739700843987632,0.4103274762532627,0.4848574045002617,0.6938667722981448,0.4491644616081433,0.4745128838026853,0.5684716251851317,0.5939368200973506,0.58139457480446,0.5436343278666931,0.4813659287118557
0.5449544540399858,0.4712960641764853,0.4100045744423216,0.4888474620617478,0.6904337492572785,0.447495768671482,0.4712966079509331,0.5644980674059892,0.5910293685276535,0.5785322016974538,0.5408680761377858,0.4793572100179503
0.5440671950786703,0.4711916102615525,0.4102736592847725,0.489141810570382,0.6896415131709249,0.4475434456125294,0.4689031003403269,0.5623306722537298,0.5868805331416812,0.5742719254451655,0.5363564512942106,0.4741858278485341
0.5410505146101976,0.4707737946018216,0.4111347307806151,0.4903192046049189,0.6868686868686869,0.4477103149061956,0.4682673248812596,0.5608857421522234,0.5855411453399105,0.5735064070560825,0.5354672989527761,0.4730318830669288
0.5426475807405655,0.4720272415810144,0.4120227107607029,0.488880167451596,0.6867366475209612,0.4488068845502873,0.4729421444332249,0.5653289022143554,0.5897553167162132,0.5787319021467798,0.5397484028189423,0.4767501495854346
0.5440080444812493,0.4730926715133283,0.4127492398353201,0.4877027734170592,0.6865385884993727,0.4497365849007128,0.4759340289464827,0.5678936531445291,0.5932507921988829,0.58239307705109,0.5423170651386419,0.4803829387127105
0.5414645687921448,0.4714840812233642,0.4118343513709873,0.489665096807954,0.6862745098039215,0.4484254690219076,0.4731665357717192,0.5644980674059892,0.589951324687204,0.5787651855550009,0.5396496081143384,0.4779468330626549
0.5336566899325683,0.4697083646695078,0.4130990501305062,0.4931972789115647,0.6803327391562686,0.4479725380819566,0.4688657017839112,0.559657551565943,0.5859984972722225,0.5744716258944916,0.5366528354080222,0.473843918283614
0.53661421980362,0.4704395420740369,0.4126954228668299,0.4917909471480901,0.6825113883937413,0.4481870843166702,0.4683047234376753,0.5592601957880288,0.5855084773447454,0.5745381927109335,0.5360600671803991,0.4723908026327036
0.5456051106116172,0.4720272415810144,0.4106503780642037,0.4880952380952381,0.6900376312141018,0.4482109227871939,0.4726429559818991,0.5641729581331503,0.5897879847113783,0.5788983191878847,0.5400777185009551,0.4763227626292846
0.545309357624512,0.4727166374195704,0.4116729004655168,0.4876046572475144,0.6886512180629827,0.4490452692555245,0.4764950072927185,0.5676407903767655,0.5929894482375617,0.582226660009985,0.5429756965026674,0.4797845969741003
0.5409913640127766,0.4702724158101445,0.4104620186744881,0.4907443746729461,0.6877269426289033,0.4471143531431024,0.4724185646434048,0.5635949860925478,0.5902780046388554,0.5785987685138958,0.5388592504775078,0.4742713052397641
0.5372057257778304,0.4685802623882342,0.4100583914108119,0.4930991627420199,0.6860764507823331,0.4459701065579633,0.4676689479786081,0.5579958819492108,0.5848224494462775,0.5733732734231984,0.5333267470196931,0.469612787417728
0.5346030994913049,0.4691860950948441,0.4119958022764577,0.4933281004709576,0.6822473096982901,0.4471620300841498,0.4671079696323723,0.5572011703933822,0.5833850576590116,0.5726410384423364,0.5327998419284726,0.4700401743738782
0.5476162309239323,0.4736149410879919,0.4117805344024971,0.4862637362637363,0.6897735525186505,0.4496173925480942,0.4701372527020457,0.562619658274031,0.5893959687693967,0.5777333999001497,0.5380359612724759,0.4767074108898197
0.5480302851058796,0.4740745383136959,0.4121841616661734,0.4858058608058608,0.6895094738231992,0.4500464850175212,0.4750364635925054,0.5667377090633241,0.5929241122472314,0.58139457480446,0.541856023183824,0.4810667578425507
0.5415237193895658,0.4724659480237319,0.413045233162016,0.488880167451596,0.6848220769789397,0.4494982001954755,0.4731665357717192,0.5635588628400101,0.5895919767403875,0.5783657846563488,0.5395837449779358,0.4773057526284298
0.5318230214125163,0.4706484499039024,0.4151440949331324,0.4929683411826269,0.6768336964415395,0.4494028463133805,0.4689404988967426,0.5581403749593613,0.584691777465617,0.5735396904643035,0.5341500362247251,0.4704675613300282
0.5308174612563588,0.469791927801454,0.4144982913112504,0.4939167974882261,0.6770977751369908,0.4486161767860974,0.4689404988967426,0.5579958819492108,0.5836464016203325,0.5725079048094525,0.533195020746888,0.4700401743738782
0.5438305926889861,0.4719854600150413,0.4114038156230659,0.4886185243328101,0.6881230606720803,0.4485208229040025,0.4730169415460564,0.5625835350214934,0.589003952827415,0.5770011649192878,0.5371468089310413,0.4749978630652193
0.5508695137820891,0.4738865212668171,0.4106503780642037,0.4851517530088959,0.6930085165379283,0.4492598154902382,0.4764950072927185,0.5663042300328722,0.5937081441311947,0.5813280079880179,0.5415596390700126,0.4798273356697154
0.5396309002720928,0.4715258627893373,0.412722331351075,0.4901229722658294,0.6841618802403115,0.448830723020811,0.4736901155615393,0.5629086442943323,0.5900819966678644,0.5785987685138958,0.5399459922281499,0.4752970339345243
0.5373240269726725,0.4705439959889696,0.4125339719613594,0.491529304029304,0.6831055654585065,0.4481870843166702,0.4700250570327985,0.5591157027778781,0.5858024893012316,0.5746713263438176,0.5357636830665876,0.4700829130694931
0.5389802437004614,0.4708155761677948,0.4121034362134381,0.4908424908424909,0.6845579982834884,0.4481632458461465,0.47009985414563,0.5592240725354911,0.5850184574172683,0.5740056581793975,0.5338536521109135,0.469142661765963
0.5454868094167752,0.4735522687390323,0.4126416058983397,0.4869178440607012,0.6875288836073149,0.4499511311354264,0.4742884924641909,0.5641368348806127,0.589232628793571,0.5781660842070228,0.538068892840677,0.4742285665441491
0.5484443392878269,0.4747848249352386,0.4129375992250357,0.4851517530088959,0.6887832574107083,0.4507854776037569,0.4776169639851902,0.5677491601343786,0.5926301002907451,0.5814611416209019,0.5412303233879998,0.4779468330626549
0.5425884301431445,0.472507729589705,0.4126416058983397,0.4885531135531135,0.6858783917607446,0.449355169372333,0.4743632895770224,0.564209081385688,0.5896573127307178,0.5784656348810118,0.5387275242047027,0.4752970339345243
0.5335383887377262,0.4689771872649786,0.4122379786346635,0.4938186813186814,0.6813230342642107,0.4471620300841498,0.4665843898425521,0.5562258425748655,0.583744405605828,0.5718089532368115,0.5340183099519199,0.4690571843747329
0.5356086596474624,0.4697083646695078,0.4122110701504184,0.4926739926739927,0.6825113883937413,0.4475672840830532,0.4665469912861363,0.5570566773832316,0.5835483976348371,0.5713097021134964,0.533557267997102,0.4692281391571929
0.5444220986631965,0.4726121835046377,0.4119419853079676,0.4879644165358451,0.6877929623027662,0.4490929461965721,0.4709226223867759,0.5614998374453636,0.5875992290353141,0.5745714761191546,0.5374431930448528,0.4762372852380546
0.5495090500414055,0.4751190774630233,0.4128568737723004,0.4845957613814757,0.6895094738231992,0.450952346897423,0.4750364635925054,0.5651121626991294,0.5909640325373232,0.5773339990014977,0.5401435816373575,0.47824600393196
0.5359044126345676,0.4711916102615525,0.4139870301105939,0.4914311878597593,0.6805307981778569,0.4492121385491907,0.4725681588690677,0.5625835350214934,0.5879585769821306,0.5739723747711766,0.5375090561812553,0.4741003504573041
0.5310540636460429,0.469374112141723,0.4138255792051233,0.4941784406070121,0.6780220505710701,0.4480917304345753,0.4686039118890011,0.5575624029187588,0.5836137336251676,0.5705109003161923,0.5348086675887506,0.4682024104624327
0.5350171536732521,0.4720272415810144,0.4154669967440734,0.4910060177917321,0.6782201095926585,0.450332546663806,0.4662478028348106,0.5552866380088863,0.5848877854366078,0.5731402895656514,0.5371797404992426,0.4683306265492777
0.5444812492606176,0.4790883262304671,0.4202567069396981,0.4828623757195186,0.6776259325278932,0.4564828720589287,0.4691274916788213,0.5594046887981794,0.5925320963052498,0.582293226826427,0.5447869327537378,0.4778613556714249
0.5490358452620372,0.4840394417982785,0.4245620644189112,0.4777276295133438,0.674919125899518,0.4612267276931512,0.4715209992894275,0.5616804537080519,0.5966809316912222,0.5880179730404392,0.550154778370546,0.4850414565347465
0.5432982373121968,0.4843528035430768,0.4275758146543605,0.479068550497122,0.6679870601439227,0.4627285513361463,0.4669209768502936,0.5583571144745874,0.5968116036718827,0.5886170743884173,0.5498913258249358,0.4860244465338918
0.5465515201703537,0.4847706192028077,0.4266609261900277,0.4778257456828886,0.6708919257938865,0.4625616820424801,0.4639664908934515,0.5556117472817252,0.5948515239619745,0.5855882842403061,0.546466442732003,0.4835456021882213
0.5476162309239323,0.4843319127600902,0.4255845868202244,0.477891156462585,0.6728064963359079,0.4618465279267683,0.4625079471932384,0.5539862009175307,0.5942961680441672,0.5855882842403061,0.5452479747085557,0.4817505769723909
0.5608068141488229,0.4899306426004847,0.4267685601270081,0.4698456305599163,0.6787482669835609,0.4655653293284703,0.4614607876135981,0.5546002962106709,0.5979549835026625,0.5911466134132134,0.550879272870974,0.4874348234891871
0.5710990181000828,0.4962605498454082,0.4302666630788688,0.4620617477760335,0.6802006998085429,0.4707144389615962,0.458917685777329,0.5547086659682838,0.6019404789128092,0.5964053919121318,0.5578278337614437,0.4962389947858791
0.5702117591387673,0.4988718977187265,0.4340069423889352,0.4602629513343799,0.6751171849211064,0.4738611170707287,0.4468753506114664,0.5445219087526642,0.5982816634543139,0.5944416708270926,0.5587828492392808,0.4979912813060945
0.5660712173192949,0.4985376451909417,0.4354869090224147,0.4616692830978545,0.6710239651416121,0.4743378864812033,0.434272037099368,0.5305060867680526,0.589232628793571,0.5865535030787152,0.5540736349864981,0.4941447987007437
0.5721045782562404,0.4975139968246009,0.4314237279014074,0.4607862375719519,0.6793424440483263,0.4719540394288302,0.4316541381502674,0.5284831846259438,0.5857044853157362,0.582925611582626,0.552163604030824,0.4934182408752885
0.5943452028865492,0.4985794267569148,0.4226784705217555,0.4538199895342753,0.7024493299003103,0.4686881689670791,0.4390590523205804,0.5382725860636492,0.5875012250498187,0.5841570976868031,0.5542053612593032,0.4980767586973246
0.6086596474624394,0.4986212083228879,0.4162204343029357,0.4498299319727891,0.7184260909751105,0.4658275525042313,0.4480347058603538,0.5484232200267313,0.5929241122472314,0.5880512564486603,0.5581242178752552,0.5039319599965809
0.6058204187862297,0.4931478231804128,0.4104889271587331,0.4548992673992674,0.7238397042318611,0.460177834990107,0.4527469239687348,0.552577394068562,0.5931854562085526,0.5865202196704942,0.5552921030099454,0.5011112060859902
0.5849994084940259,0.4865463357566641,0.4114576325915561,0.4658228676085819,0.7110318875024757,0.4568404491167847,0.4509517932607801,0.546653180652386,0.5863905132142041,0.5786986187385588,0.5473885266416387,0.4922215573980682
0.5710398675026618,0.4831620289128436,0.4134219519414472,0.4723312401883831,0.7008648577276029,0.4557677179432168,0.4468753506114664,0.5416320485496514,0.5799549181666722,0.5727076052587785,0.5421194757294343,0.486793743054962
0.5705075121258725,0.4846870560708615,0.415655356133789,0.4712846677132392,0.6977619330560506,0.4576509571145915,0.4538688806612065,0.5479174944912041,0.5840710855574794,0.5772674321850556,0.5452150431403544,0.4895290195743226
0.5580858866674554,0.4836007353555611,0.4198799881602669,0.4755690737833595,0.6856803327391562,0.4588905575818255,0.4667713826246307,0.5577791424339847,0.5918787364019471,0.583857547012814,0.5492326944609103,0.4903410547910078
0.5404590086359873,0.4768530124509066,0.4192072760541399,0.4857404500261643,0.676635637419951,0.4547426637106963,0.4709974194996074,0.5603800166166962,0.590441344614681,0.5802629389249458,0.5437989857076994,0.4802119839302504
0.5273275760085178,0.4683504637753823,0.4142292064687996,0.4960099424385139,0.6754472832904205,0.4476864764356719,0.4695014772429784,0.5578875121915977,0.583744405605828,0.5712098518888333,0.5331620891786867,0.4665356013334473
0.5270909736188335,0.4649034845826021,0.4098969405053413,0.4987571951857666,0.6806628375255825,0.4438008057403037,0.4706982310482815,0.5586461004948886,0.5810982979974519,0.5672491263105341,0.5285187380623065,0.4621762543807163
0.5285105879569384,0.4653839725912926,0.4098700320210963,0.4980049712192569,0.6814550736119362,0.4440630289160647,0.4761210217285613,0.5631615070620959,0.5825683577798831,0.5688134464969212,0.5302641111769743,0.465296179160612
0.5367916715958831,0.4674730508899474,0.4087936926512929,0.4940803244374673,0.6873968442595892,0.4447781830317767,0.4791129062418191,0.5664487230430229,0.5842344255333051,0.5703444832750872,0.5326351840874662,0.4683306265492777
0.5324736779841477,0.4668254366173643,0.4099238489895864,0.4957810047095762,0.683633722849409,0.4448973753843953,0.4775047683159431,0.5633782465773218,0.5817516579007547,0.5685804626393742,0.530593426858987,0.4647405761176169
0.5161481130959423,0.4625219353221358,0.4118074428867422,0.5036630036630036,0.6722123192711428,0.4432763593887816,0.4717453906279218,0.557020554130694,0.5759040867661952,0.5626892993842569,0.5250938549693737,0.4582870330797504
0.5179226310185733,0.4628144062839475,0.4113769071388209,0.5029434850863422,0.6737307717699873,0.4432525209182578,0.4716331949586746,0.5564787053426291,0.5746953709450852,0.5613246796471958,0.5235131396957123,0.4568339174288401
0.5270909736188335,0.4645065597058577,0.4093856793046848,0.4990842490842491,0.6812570145903479,0.4433478748003528,0.4763454130670556,0.5608134956471481,0.5794975662343602,0.5660509236145781,0.5271685437660542,0.4619625609026412
0.5315864190228321,0.4660524776468622,0.4093318623361946,0.4966313448456306,0.6838317818709975,0.4442060597392072,0.4800104715957964,0.5655095184770437,0.583025709712195,0.5697453819271093,0.5318448264506356,0.4665783400290623
0.5264994676446232,0.4650706108464945,0.4103812932217528,0.4987899005756149,0.6797385620915032,0.4441107058571122,0.4782901380006732,0.5634866163349348,0.5815229819345987,0.5676485272091862,0.5304287690179806,0.464911530900077
0.5202295043179936,0.4631277680287457,0.4107311035169389,0.5020604395604396,0.6757773816597344,0.443157167036163,0.4748494708104267,0.5589350865151899,0.5783541864035805,0.565618239307705,0.5276954488572746,0.460552183947346
0.5150834023423636,0.4615609593047547,0.4110540053278799,0.5047095761381476,0.6725424176404569,0.4424181744499272,0.4775421668723588,0.5621861792435792,0.5819803338669106,0.5674821101680811,0.5268721596522427,0.4568339174288401
0.5159115107062582,0.4627308431520013,0.4121841616661734,0.503564887493459,0.6715521225325146,0.4435624210350664,0.4952316840569954,0.5817288588664523,0.5975629675606808,0.5777666833083707,0.5304946321543832,0.4529446961278742
0.5177451792263101,0.4686638255201805,0.4190189166644243,0.4984301412872842,0.6642239387337425,0.44997496960595,0.5012902501963424,0.5871834699996388,0.6031491947339191,0.5876518555500082,0.5402094447737602,0.4587571587315155
0.5247249497219922,0.4795897050221442,0.4298899442994376,0.4879317111459969,0.6547831253713606,0.4610360199289613,0.4740267025692808,0.5568760611205433,0.5911273725131488,0.5976368780163088,0.5651715734703286,0.4862808787075818
0.5302851058795695,0.4912885434946101,0.4424292979576461,0.4772370486656201,0.6425034660328777,0.4732651553076355,0.4317289352630988,0.5064841238305098,0.5659076802456634,0.60266267265768,0.5935915168280314,0.5229079408496453
0.5414054181947239,0.4979944848332915,0.4460081263622421,0.4688971742543171,0.6442859972271737,0.4786764881165224,0.398706009948016,0.4686269551710436,0.539544608147398,0.600965218838409,0.6168082724099322,0.5617146764680743
0.5741748491659766,0.499122587114565,0.4325538842397008,0.45895473574045,0.6790783653528751,0.4733605091897304,0.3842327686151315,0.4581512119351226,0.5110254483682337,0.5797304043934098,0.6154580781136798,0.590862466877511
0.6092511534366497,0.5034469791927801,0.4221672093210989,0.4458725798011513,0.7114280055456526,0.4712388853131183,0.3840083772766371,0.464039302098761,0.4911959753029957,0.5504077217507072,0.5903312915761049,0.6013334473031883
0.6155802673607004,0.516670844823264,0.4363210720340123,0.4338042909471482,0.6975638740344622,0.4850413597463587,0.3598115112756648,0.4382472997868728,0.4469961778445657,0.508670327841571,0.5516696305078047,0.5975724420890675
0.613095942269017,0.541217514832456,0.4690956058445227,0.4152603349031921,0.6559714795008913,0.5135521704927412,0.3028535098545196,0.3730087057038616,0.3897945183104113,0.4871026793143617,0.5498913258249358,0.6238994785879135
0.6251035135454869,0.5673727751316119,0.4972956973333692,0.3914835164835165,0.6281111771307849,0.5409902500655559,0.2300011219566925,0.2844706137340606,0.3038776910261018,0.4434015643201863,0.5343476256339327,0.6504402085648346
0.5861824204424465,0.5481114732180162,0.4901918574926674,0.4172880690737834,0.6151053013798111,0.5268540370449831,0.226149070645873,0.2544883141278041,0.1917937996145177,0.3115327009485771,0.413093591516828,0.5883836225318404
0.4953271028037384,0.4971170719478565,0.4658396792508678,0.4823390894819466,0.5942430844391627,0.4869484373882571,0.3088372788810352,0.3212079615648593,0.1538989252229591,0.2044932601098352,0.2884146743067905,0.4756816821950594
0.4230450727552348,0.4638798362162613,0.4559104485644323,0.5283555729984303,0.5661187033736053,0.4636105747455243,0.392647443808669,0.406278221291045,0.2152167521479207,0.2286570144782825,0.2862082592373049,0.4208051970253868
0.3688039749201467,0.4405657224032757,0.450555660199661,0.5615842490842491,0.542417640456856,0.4479248611409092,0.4770933841953701,0.4927572878661995,0.2998921956159551,0.2939590614078881,0.3168675492326944,0.3720403453286606
0.3605820418786229,0.4219311439792763,0.4302935715631139,0.5784602302459446,0.5626856803327391,0.4283057998998784,0.5524140768166349,0.5728425387421884,0.3681683055110908,0.346446996172408,0.3438714351577422,0.3465680827421147
0.3766118537797232,0.4189437620122002,0.4191534590856497,0.5763343799058085,0.5853304284676832,0.4216787050942811,0.5759377688021243,0.6037279196618863,0.4042664401685669,0.3837576967881511,0.3723572416518474,0.3505855201299256
0.400745297527505,0.4221818333751148,0.4123456125716438,0.5671441653584511,0.607116920842411,0.4205106200386183,0.5775085081715846,0.6152512372213994,0.4371304433046944,0.4206689965052421,0.4033458473292498,0.3665697922899393
0.4206198982609724,0.4215133283195454,0.4024432903694535,0.5621729461015177,0.6303558460421205,0.4157429259338721,0.5688694416395528,0.6149983744536358,0.4636241873836202,0.4474621401231485,0.4263320819337417,0.3787503205402171
0.4351709452265468,0.4218057992813571,0.3962005220245944,0.5579212454212454,0.6461345480953323,0.4131445326467853,0.5555555555555556,0.606834519380125,0.4795335010290419,0.4639041437843234,0.4410524929197128,0.3859304214035388
0.4519697148941204,0.4259630650956797,0.3939133008637624,0.5500392464678179,0.6582821680860895,0.4145033254666381,0.5458319308874677,0.603655673156811,0.4961615105680964,0.4806456981194874,0.4558058354738853,0.3965723566116761
0.4778776765645333,0.4374112141723071,0.3968732341307214,0.5339154892726321,0.6691754142734534,0.4223461822689456,0.5451587568719848,0.6100494888559767,0.5219692267485544,0.5062406390414378,0.4785615491009681,0.417257885289341
0.496510114752159,0.4491518342107461,0.4034927212550117,0.5195578231292517,0.671420083184789,0.4319769243605331,0.5459067280002993,0.6165877975652928,0.5470582470353794,0.5313030454318521,0.4999012052953961,0.4362766048380204
0.5016562167277889,0.455377287540737,0.4091973199149692,0.5132456828885401,0.6673268634052947,0.4380557343440844,0.5349489509704926,0.6101939818661273,0.5607461370095718,0.544449991679148,0.5111308700520318,0.4459782887426275
0.5017153673252099,0.4605164201554274,0.4157629900707693,0.5092229199372057,0.6592724631940318,0.4438961596223986,0.5083959759153297,0.5865693747064985,0.5657443402698377,0.5524712930604093,0.5171573470328656,0.4505085904778186
0.5085176860286289,0.4681624467285034,0.4225439281005301,0.5013736263736264,0.6547171056974977,0.4512622470142316,0.4834137402296271,0.5660513672651085,0.5722126033125348,0.5611582626060908,0.525851281038003,0.4579023848192153
0.5152608541346267,0.4732597977772207,0.4260420310523908,0.4955193615907902,0.654254967980458,0.4557200410021693,0.4766446015183814,0.5612469746776,0.5786808663552319,0.5689132967215843,0.533557267997102,0.4656808274211471
0.5220040222406247,0.477020138714799,0.4278179910125663,0.4907116692830979,0.6557734204793028,0.4586521728765882,0.4783275365570889,0.5634866163349348,0.5842670935284702,0.5746713263438176,0.539484950273332,0.4726899735020087
0.5214125162664143,0.4775632990724492,0.4287866964453892,0.4904500261643119,0.654254967980458,0.4593911654628239,0.4745502823591009,0.5602355236065456,0.5836137336251676,0.5751040106506906,0.5406046235921754,0.4728609282844688
0.519223944161836,0.476142725829364,0.4279525334337917,0.4921507064364208,0.6541229286327326,0.4582230804071611,0.4672201653016194,0.5528302568363256,0.5800855901473327,0.5713097021134964,0.537574919317658,0.4690144456791179
0.5224180764225719,0.4773126096766106,0.4279794419180368,0.4903519099947672,0.6558394401531656,0.4588905575818255,0.4658364187142376,0.5509157244518297,0.5805756100748097,0.5704776169079713,0.5377066455904631,0.4678177622018976
0.5305808588666746,0.4797568312860366,0.4274412722331351,0.4861983254840398,0.6610549943883276,0.4600348041669647,0.4678933393171024,0.5542029404327565,0.5834177256541766,0.5734398402396406,0.5409339392741882,0.4713650739379434
0.5298119011002012,0.4813863123589872,0.4298899442994376,0.4851190476190476,0.6576219713474615,0.4620610741614818,0.4706234339354501,0.5581764982118991,0.5875992290353141,0.5778332501248128,0.5452479747085557,0.4769638430635097
0.5246657991245712,0.4802791008607002,0.4308048327637704,0.4874084249084249,0.6536607909156928,0.4618465279267683,0.4667713826246307,0.55384170790738,0.5850837934075986,0.5771675819603926,0.5433379437528815,0.4749551243696042
0.5178634804211523,0.479046544664494,0.432311707881495,0.4902537938252224,0.647983098963491,0.4617988509857207,0.4618347731777554,0.5481342340064299,0.5812943059684428,0.5743384922616076,0.5408022130013831,0.4709376869817934
0.5183366852005205,0.4791301077964402,0.4322040739445147,0.4900575614861329,0.6483792170066679,0.4617988509857207,0.4610868020494409,0.5456778528338692,0.5803796021038189,0.5742053586287236,0.5410656655469933,0.4693990939396529
0.5279782325801491,0.4823055068103952,0.4319080806178189,0.4849228152799582,0.6541229286327326,0.463467543922382,0.4636673024421258,0.5492179315825597,0.5841037535526445,0.5780662339823598,0.5451162484357506,0.4748269082827592
0.5334792381403053,0.4854182334753906,0.4334149557355435,0.4809654631083203,0.6553773024361259,0.4659229063863263,0.4672949624144508,0.553624968392154,0.5887752768612591,0.582226660009985,0.5498913258249358,0.4821352252329259
0.5301668046847273,0.4848750731177405,0.4342222102628959,0.4823063840920984,0.6524724367861622,0.4659705833273737,0.4641908822319459,0.550879601199292,0.5865538531900298,0.5802296555167249,0.5490021734835013,0.4808530643644756
0.5170353720572578,0.4810520598312024,0.4352716411484542,0.4889128728414443,0.6438898791839968,0.464254213449665,0.4579079247541046,0.5439800599645992,0.5799875861618373,0.5750707272424697,0.544227096094316,0.4730318830669288
0.5182183840056785,0.4810938413971756,0.4347872884320427,0.4885531135531135,0.6451442529873902,0.4640635056854753,0.4554770185870825,0.5417404183072644,0.5783541864035805,0.5749375936095856,0.5440624382533097,0.4735447474143089
0.5253756062936236,0.4837678616194535,0.4349756478217582,0.4844649398220827,0.6489073743975704,0.4656845216810889,0.4582071132054303,0.5452082505508796,0.5821110058475713,0.5794308537194208,0.5480800895738656,0.4788443456705701
0.5302851058795695,0.4860658477479735,0.4357021768963754,0.481325222396651,0.6507559252657291,0.4673055376767027,0.4608250121545309,0.5484593432792689,0.5853124693737546,0.583524712930604,0.5512744516893895,0.4838447730575264
0.526144564060097,0.4861703016629063,0.4377203132147566,0.4824045002616431,0.6459364890737439,0.4682590764976519,0.4583941059875089,0.5462919481270094,0.5831890496880207,0.582093526377101,0.5495290785747218,0.4813659287118557
0.5196379983437833,0.4855644689562964,0.4398999004386083,0.4846611721611722,0.6396646200567768,0.4688788767312689,0.4522233441789147,0.5396091464075425,0.5773088105582961,0.5768014644699616,0.5443588223671211,0.4755534661082144
0.5234236365787295,0.4862538647948524,0.4390657374270107,0.483058608058608,0.6428335644021917,0.4689027152017926,0.4483338943116796,0.5364303001842287,0.5747933749305805,0.5743384922616076,0.5421524072976356,0.473972134370459
0.5286288891517804,0.4883638338764936,0.4393886392379518,0.4799843014128729,0.6453423120089786,0.4702615080216453,0.4520737499532518,0.5388505581042518,0.576590114664663,0.5763687801630887,0.5452150431403544,0.4798273356697154
0.5281556843724122,0.4907453831369599,0.4426983828000969,0.4782509157509158,0.640985013534033,0.4730744475434456,0.4537192864355436,0.5405122277209841,0.5772434745679659,0.5779663837576967,0.5479483633010604,0.4846140695785965
0.5235419377735716,0.4908498370518926,0.4449317869924387,0.4794610151753009,0.6356374199511454,0.4741233402464898,0.451924155727589,0.5382003395585739,0.5747933749305805,0.5752704276917956,0.5464335111638016,0.4820070091460808
0.5123624748609962,0.4881758168296147,0.4465732045313887,0.484628466771324,0.6274509803921567,0.4733128322486829,0.4450802199035117,0.5305060867680526,0.5680964359217275,0.5677816608420703,0.5408680761377858,0.4763655013248996
0.5131905832248906,0.488301161527534,0.4463579366574281,0.4843014128728415,0.6281771968046477,0.4732889937781592,0.4415273570440181,0.5267131452515985,0.5651236483617001,0.565185555000832,0.5394520187051307,0.4746986921959142
0.5201703537205726,0.4912467619286371,0.446976831795065,0.4800497121925693,0.6312801214761998,0.4752675868316289,0.4419387411645911,0.5277968428277282,0.565809676260168,0.5668164420036611,0.5415925706382139,0.4791007778442602
0.5251390039039394,0.4950279936492019,0.4495869547668379,0.4757326007326007,0.6308179837591601,0.4785811342344275,0.444369647331613,0.5304338402629774,0.5659403482408284,0.5671492760858712,0.5430415596390701,0.4846140695785965
0.5200520525257305,0.4949444305172557,0.4517934504749348,0.4772043432757719,0.6252723311546841,0.4794869961143293,0.4401436104566364,0.5250153523823285,0.5613994969128745,0.5631885505075719,0.5396825396825397,0.4831609539276861
0.5086359872234709,0.4928762430015876,0.4543228479939725,0.4819793301936159,0.615831517792302,0.4794393191732818,0.4316915367066832,0.5152259509446231,0.5517951063343243,0.5550008320852055,0.5323387999736547,0.4758953756731344
0.50686146930084,0.4942132531127267,0.4568522455130102,0.4814233385661957,0.6117382980128078,0.4813225583446566,0.4283256666292682,0.5100964490842755,0.5462742151514162,0.5496422033616242,0.5292432325627346,0.4748696469783742
0.512244173666154,0.4989136792846996,0.4604579824018513,0.4762558869701727,0.6102858651878259,0.4855896445684045,0.4293728262089084,0.5094101072860601,0.5446081473979942,0.5498086204027292,0.5310874003820063,0.4792289939311053
0.5130722820300485,0.5024860031753989,0.4647095229125743,0.4732142857142857,0.6055984683435662,0.4895229922048201,0.4294476233217398,0.5082902864573926,0.5418640358041228,0.5499417540356132,0.5322400052690509,0.4815796221899308
0.5095823967822075,0.5031962897969416,0.467185103463122,0.4736394557823129,0.6005809731299927,0.4910248158478152,0.4223792961591683,0.5002709243940324,0.5331416810950312,0.5427858212680978,0.528222353948495,0.4796991195828703
0.4966875665444222,0.5004804880086905,0.4695530500766892,0.4793301936159079,0.5904799630289825,0.4905242079668169,0.4118329032499346,0.4875555395007767,0.5191271111691876,0.5306373772674321,0.5186392676019231,0.4720488930677836
0.4910091091920028,0.5021308598646277,0.4742620348195786,0.4795918367346939,0.581567307057503,0.4935516937233307,0.4050263659822731,0.4793916844272658,0.5092287086341512,0.5230154767848227,0.5120529539616676,0.4682024104624327
0.4955045545960014,0.5068103952536142,0.4782444904878508,0.4746860282574568,0.5791905987984419,0.4979856492407447,0.4030068439358241,0.4765740707293285,0.5038384894319036,0.5201198202695955,0.5102417177105973,0.4702111291563381
0.4960369099727907,0.5109258795019637,0.4832763770416812,0.4713173731030874,0.5732488281507889,0.5025626355813011,0.4019970829125996,0.4734313477585521,0.4977949103263533,0.5166250624063904,0.5083646183231245,0.4722625865458587
0.4865728143854253,0.5118450739533718,0.4887657078276781,0.4732142857142857,0.5612332475077573,0.5055186059262438,0.3936946033883092,0.4635335765632337,0.4855117441442619,0.5054418372441337,0.5005269050912204,0.4688434908966579
0.473855435939903,0.5107796440210579,0.4931786992438716,0.4775641025641026,0.548755529147686,0.5068773987460965,0.3833726018175698,0.4502040963768378,0.4700597824311522,0.492161757363954,0.4899888032668115,0.4621762543807163
0.4706021530817462,0.5108005348040444,0.4947124828458413,0.4784798534798535,0.5450584274113686,0.5075448759207609,0.3766034631063241,0.4407759274645089,0.457351932311914,0.4811782326510234,0.4807021010340512,0.4570476109069151
0.4710753578611144,0.5141430600818919,0.4987756639668487,0.4756998953427525,0.5403050108932462,0.511263677322463,0.3734619843674034,0.435899288371925,0.4492829375061253,0.4755866200698951,0.4773760126457221,0.4599965809043508
0.4752158996805868,0.5179869641514164,0.5018432311707881,0.4715463108320251,0.5389185977421271,0.514815609430499,0.3705074984105614,0.4310226492793411,0.4415406226519878,0.4696954568147777,0.4741816505301982,0.4626891187280965
0.4688867857565361,0.5184256705941338,0.5053144256384038,0.4729526425954998,0.5311282762263154,0.5166034947197787,0.3638131568121471,0.4217389733771629,0.429159452484401,0.4600765518389083,0.4662451425936903,0.4579023848192153
0.4542174375961197,0.5160023397676945,0.5088663455587547,0.4789377289377289,0.5185185185185185,0.5167942024839687,0.3543139234825536,0.4088068489686812,0.4133481428244749,0.4466633383258445,0.4547520252914444,0.4494401230874434
0.4471193659055956,0.5155218517590039,0.5114764685305276,0.4812598116169545,0.5113883937413348,0.5176762258933466,0.3466472194173305,0.3994870498139652,0.4015223285746954,0.4355799633882509,0.4467167226503326,0.4440977861355672
0.4507275523482787,0.5182376535472549,0.5133331539434384,0.4781200941915228,0.5111243150458836,0.5200362344751961,0.3446650959272972,0.3966694361160279,0.3953154094933194,0.4305208853386587,0.4431271817163933,0.443456705701342
0.4510824559328049,0.520535639675775,0.516131636304927,0.4762231815803245,0.5078893510266058,0.5226107892917591,0.3458244511761846,0.3960192175703501,0.39067655417987,0.4274255283741054,0.4403938615556873,0.4453372083084024
0.447651721282385,0.5199298069691652,0.5169119823480344,0.4776622187336473,0.505050505050505,0.5225869508212353,0.3423463854295224,0.391901166781057,0.3839142791806867,0.4204360126476951,0.4347296318250675,0.4429438413539619
0.4371229149414409,0.5158561042867886,0.5164276296316228,0.4837781266352695,0.4997029114676173,0.5200600729457199,0.3374845730954786,0.3856157208395044,0.3757146123942374,0.4118156099184556,0.426957781729566,0.4353363535344902
0.4404944989944399,0.5139759338179994,0.5124989909318408,0.4843014128728415,0.506436918201624,0.5172471334239196,0.3387561240136131,0.3856157208395044,0.3730358367906962,0.4078216009319354,0.4216887308173615,0.4307205744080691
0.4451673961907015,0.5138505891200802,0.5102117697710088,0.4831240188383046,0.5118505314583746,0.5161744022503517,0.345637458394106,0.3921901528013582,0.3774786841331548,0.4112830753869196,0.4240598037278535,0.4350799213608001
0.4496628415947001,0.5138714799030667,0.5082205419368727,0.4818485086342229,0.5168020069980854,0.5152923788409736,0.3532667639029133,0.4006429938951703,0.3858743588905949,0.4177400565817939,0.4297240334584733,0.439011881357381
0.4507867029456998,0.5103409375783404,0.5031348384145522,0.4843014128728415,0.5236680530798178,0.5110252926172257,0.3583903661318673,0.406494960806271,0.391623926039659,0.4202363121983691,0.430876638345518,0.4365757757073254
0.4451082455932805,0.5033425252778474,0.4967037106799775,0.4913657770800628,0.5283554499240773,0.5041836515769149,0.3601480982834062,0.4094931907668966,0.3945313776093561,0.419137959727076,0.4278140025027992,0.4277716044106334
0.4471193659055956,0.5007102866215426,0.4923983532007642,0.4928702250130822,0.5348253779626327,0.5007747502920213,0.3679269980178766,0.4193548387096775,0.4044297801443926,0.4249625561657513,0.4304485279589014,0.426062056586033
0.4620253164556962,0.5011698838472466,0.4862094018243952,0.4883895866038724,0.5506700996897075,0.4982955493575532,0.3808294999813008,0.4353574395838601,0.4204697657704747,0.437809951739058,0.4394388460778502,0.4317890417984443
0.4697148941204306,0.4994359488593632,0.4804778946801926,0.4876046572475144,0.562025483594111,0.494767455720041,0.3930588279292419,0.4510710544377416,0.4369017673385384,0.4507904809452487,0.4485938220378054,0.4371313787503206
0.4739145865373241,0.4967410378540988,0.4750692893469311,0.4885531135531135,0.5710041592394532,0.4908341080836254,0.4021840756946782,0.4623776324820287,0.4506549933030611,0.4604093859211183,0.4544227096094316,0.4370886400547055
0.4684727315745888,0.4909960725327985,0.4701719452143261,0.494570905285191,0.5739750445632797,0.4853750983336909,0.4056995399977561,0.4676155040999892,0.4593446800169873,0.4656681644200365,0.4564644668379108,0.4328147704932046
0.470306400094641,0.4870686053313278,0.464278987164653,0.4971219256933543,0.5822275037961311,0.4805358888173735,0.410972736452373,0.4761405916988765,0.4709418183006109,0.4747212514561491,0.4616347230455114,0.4334985896230447
0.4814267124097953,0.4879877997827358,0.4604041654333611,0.4933281004709576,0.5931867696573578,0.4793439652911869,0.423089868731067,0.4905898927139399,0.4877331678154912,0.4892328174405059,0.4728314562339459,0.4423454996153517
0.4914823139713711,0.489408373025821,0.4576595000403627,0.4894361590790163,0.6021654453027001,0.4789387112922835,0.4333744717453907,0.5052198099916917,0.5042305053738853,0.5029122982193376,0.4835012843311598,0.4494401230874434
0.4929019283094759,0.4874655302080722,0.4545381158679331,0.4905481423338566,0.6067868224730969,0.4764595103578155,0.4377501028460301,0.5119026117111585,0.5136388879814446,0.510667332334831,0.4882763617203451,0.4511069322164288
0.4923695729326867,0.4843736943260633,0.4507709280736217,0.4931318681318682,0.6111441209480425,0.4730029321318744,0.4377127042896144,0.5133114185601272,0.5176897193819215,0.5133300049925111,0.4892972403345847,0.4466621078724677
0.4935525848811073,0.4824935238572741,0.4477840863224175,0.4942765567765568,0.6154353997491251,0.4706190850795013,0.440741987359288,0.5191995087237655,0.5262160661200223,0.5205192211682476,0.4950931963380096,0.4463629370031627
0.5031941322607358,0.4840603325812651,0.4454699566773403,0.4903846153846154,0.6236878589819765,0.4704760542563589,0.4487078798758368,0.5285193078784813,0.5390872562150861,0.5321018472291562,0.5052361193440033,0.4543978117787845
0.5137229386016798,0.485585359739283,0.4426445658316068,0.4862637362637363,0.6329966329966329,0.4700946387279792,0.4571225550693744,0.5384893255788752,0.5508150664793702,0.5418206024296887,0.5138312586445367,0.4630310282930165
0.5162664142907843,0.4862120832288794,0.4422678470521756,0.4850863422291994,0.6349112035386544,0.4703091849626928,0.4603762294775422,0.5420294043275657,0.5572506615269022,0.5469795307039441,0.5178818415332939,0.4646550987263869
0.5130131314326275,0.4842692404111306,0.4412184161666174,0.4875065410779697,0.634383046147752,0.4687120074376028,0.4577957290848573,0.5406928439836723,0.5586227173238378,0.5480445997670161,0.5177171836922874,0.4598683648175058
0.5181592334082574,0.4832247012618033,0.4375588623092861,0.486885138670853,0.641711229946524,0.4665188681494195,0.4563371853846442,0.5421377740851787,0.5615628368887001,0.5514062239973372,0.5192978989659488,0.4577314300367553
0.5212942150715723,0.4853973426924041,0.4389311950057853,0.4843341182626897,0.6417772496203867,0.4683544303797469,0.4621713601854968,0.5498320268756999,0.5694358237234982,0.5598934930936927,0.5257854179016005,0.4637148474228567
0.5241334437477819,0.4870059329823681,0.4397115410488927,0.4823063840920984,0.6423714266851521,0.4696178693175046,0.4677437450914395,0.5563342123324784,0.5772108065728007,0.5672824097187552,0.5320753474280445,0.4711513804598684
0.5236010883709925,0.486044956964987,0.4387428356160697,0.4831894296180011,0.6432957021192315,0.4686404920260316,0.4681551292120124,0.5572372936459199,0.5794648982391951,0.5693792644366783,0.5321412105644471,0.4707239935037183
0.5211167632793091,0.4849168546837135,0.4383930253208837,0.4847592883307169,0.6423714266851521,0.4678299840282247,0.4660234114963162,0.5557562402918759,0.5780601744470942,0.5680812115160592,0.529407890403741,0.4666638174202923
0.5143144445758903,0.4820130358485835,0.4377472216990017,0.4889128728414443,0.6393345216874629,0.4658990679158025,0.4623209544111598,0.5528302568363256,0.5776681585051126,0.5678149442502911,0.5289468484489231,0.4635438926403966
0.5204661067076778,0.4836425169215341,0.4370476011086296,0.4859366823652538,0.6436258004885455,0.4665188681494195,0.4656120273757433,0.556695444857855,0.5826010257750482,0.5729405891163255,0.5335901995653034,0.4664928626378323
0.5267360700343074,0.4861911924458928,0.4374781368565509,0.4822082679225536,0.646596685812372,0.468163722615557,0.4723437675305734,0.5629808907994076,0.5894286367645618,0.5797636878016309,0.5404070341829678,0.4733737926318488
0.5205844079025199,0.4853346703434444,0.439146462879746,0.4845957613814757,0.6411170528817587,0.4684021073207943,0.4718201877407532,0.562402918758805,0.5896246447355526,0.5807954734564819,0.5409668708423895,0.4731600991537739
0.5162072636933633,0.4842901311941172,0.4398191749858731,0.4866234955520669,0.6378160691886181,0.4681160456745095,0.4673323609708665,0.5578152656865225,0.5865211851948646,0.5780995173905807,0.5373773299084502,0.4672621591589025
0.5169170708624157,0.4836425169215341,0.4386621101633345,0.4869178440607012,0.6396646200567768,0.4672340222651314,0.465387636037249,0.5559007333020265,0.5850837934075986,0.5769345981028456,0.5366857669762234,0.465467133943072
0.524310895540045,0.4866716804545834,0.4392002798482362,0.4825026164311879,0.6431636627715058,0.4691887768480774,0.4696510714686413,0.559765921323556,0.5895593087452223,0.5805957730071559,0.5404728973193703,0.4707667321993333
0.5300485034898852,0.4889905573660901,0.4395769986276673,0.4791012558869702,0.6458704693998811,0.4706906004910725,0.4735779198922922,0.5635227395874725,0.5940021560876809,0.584323514727908,0.5444905486399262,0.4762372852380546
0.5263811664497812,0.4883220523105206,0.4403842531550198,0.4806384092098378,0.6428335644021917,0.4706667620205488,0.473465724223045,0.5620778094859662,0.5937408121263599,0.583524712930604,0.5437989857076994,0.4749551243696042
0.517271974446942,0.4858987214840812,0.4414067755563329,0.4850536368393511,0.636495675711362,0.4697370616701232,0.4694640786865627,0.5587183469999639,0.5900819966678644,0.5800632384756198,0.5397813343871435,0.4708522095905633
0.5198154501360464,0.4849795270326731,0.4390657374270107,0.4850863422291994,0.6407869545124446,0.4681875610860807,0.4671079696323723,0.5575624029187588,0.5892979647839012,0.5777666833083707,0.5384640716590924,0.4690144456791179
0.5302851058795695,0.4884056154424668,0.4387428356160697,0.4794937205651491,0.6470588235294117,0.4699754463753605,0.4699128613635513,0.5614275909402883,0.5929567802423965,0.581527708437344,0.5420536125930318,0.4728609282844688
0.5349580030758311,0.4909751817498119,0.4398999004386083,0.4761904761904762,0.6481811579850796,0.4719778778993539,0.4735031227794607,0.564317451143301,0.5962562477540754,0.5855217174238642,0.5467298952776132,0.478203265236345
0.5243700461374661,0.4891576836299824,0.4423754809891559,0.4805402930402931,0.6392685020136,0.4720255548404014,0.4726055574254834,0.562836397789257,0.5950475319329653,0.584223664503245,0.5461041954817889,0.4774339687152748
0.5169170708624157,0.4863374279267987,0.4421333046309501,0.4848246991104134,0.6353733412556941,0.4703091849626928,0.4668835782938779,0.5578152656865225,0.5901473326581949,0.5790980196372109,0.5402094447737602,0.469570048722113
0.5163847154856265,0.4861703016629063,0.4421602131151952,0.4850863422291994,0.63504324288638,0.4702138310805978,0.464452672126856,0.5556117472817252,0.5882199209434518,0.5768347478781827,0.5380030297042745,0.4665356013334473
0.5249024015142553,0.4890323389320631,0.4419987622097248,0.4804748822605966,0.6400607380999537,0.4717871701351641,0.4684917162197539,0.5587544702525016,0.5915520564502956,0.5799966716591779,0.5419548178884278,0.4712368578510983
0.5333609369454632,0.4917899222862872,0.4416758603987837,0.4759942438513868,0.6451442529873902,0.473217478366588,0.4743258910206066,0.5640645883755374,0.5969422756525432,0.5847561990347812,0.5480800895738656,0.4791007778442602
0.5313498166331481,0.4903693490432022,0.4407340634502059,0.4776622187336473,0.645210272661253,0.4720017163698777,0.4731291372153035,0.5625474117689557,0.5964849237202313,0.5835579963388251,0.5481130211420667,0.4797418582784853
0.5209984620844671,0.4884265062254533,0.4429674676425477,0.4820447409733124,0.6366277150590876,0.4718586855467353,0.4683421219940911,0.5572372936459199,0.5914540524648002,0.5794308537194208,0.5430744912072714,0.473972134370459
0.5170353720572578,0.4883638338764936,0.444716519118478,0.4831894296180011,0.6323364362580048,0.472597678132971,0.4668087811810464,0.5553588845139616,0.5890366208225802,0.5769345981028456,0.5399459922281499,0.4702111291563381
0.5279190819827281,0.4915392328904487,0.4438285391383904,0.4776949241234956,0.6394665610351885,0.4740279863643948,0.4690900931224055,0.5574179099086082,0.5915193884551305,0.5800965218838409,0.5428439702298624,0.4732455765450039
0.533006033360937,0.4916436868053814,0.4416489519145386,0.4762231815803245,0.6449461939658018,0.4731221244844931,0.470773028161113,0.5604883863743092,0.5936101401456992,0.583258445664836,0.54587367450438,0.4770065817591247
0.5265586182420442,0.4892621375449151,0.4415144094933133,0.4798534798534799,0.6415791905987983,0.4716918162530691,0.4692396873480684,0.5591518260304158,0.5924014243245892,0.5828923281744051,0.5453797009813607,0.4769211043678946
0.5217082692535195,0.4874237486420991,0.4413529585878427,0.4826334379905809,0.6390704429920115,0.4705714081384538,0.4644152735704402,0.5537694614023047,0.5875012250498187,0.5783990680645698,0.542218270434038,0.4732455765450039
0.5251390039039394,0.4878206735188435,0.4403035277022846,0.4813906331763475,0.6422393873374265,0.4703330234332165,0.4612737948315196,0.5515659429975075,0.5849204534317729,0.5759693792644367,0.5397484028189423,0.4701683904607232
0.5298710516976222,0.4908498370518926,0.4420525791782149,0.4776949241234956,0.6427015250544661,0.472859901308732,0.4658738172706534,0.5546725427157462,0.5884159289144425,0.5793975703111999,0.5421194757294343,0.4735020087186939
0.5394534484798297,0.4944430517255787,0.4423216640206657,0.4722331240188383,0.6477190202680398,0.4750053636558678,0.4699128613635513,0.5594769353032547,0.5917480644212866,0.583191878848394,0.5458078113679774,0.4795709034960253
0.5336566899325683,0.4917272499373276,0.441460592524823,0.4759615384615385,0.6455403710305669,0.4730982860139694,0.4693892815737313,0.5591157027778781,0.5907026885760022,0.583191878848394,0.5449515905947441,0.4800410291477904
0.5270909736188335,0.4878206735188435,0.4394155477221968,0.4808346415489273,0.6444180365748993,0.4699516079048368,0.4649014548038446,0.5541306939276812,0.5858678252915619,0.5783657846563488,0.5407363498649805,0.473801179587999
0.5269135218265705,0.4873610762931394,0.4389042865215403,0.4812598116169545,0.6449461939658018,0.4694510000238385,0.4602266352518793,0.5493263013401727,0.5817189899055895,0.5740056581793975,0.5364552459988144,0.4685015813317377
0.5341298947119366,0.4899515333834711,0.4389581034900304,0.4772370486656201,0.6489073743975704,0.4709528236668335,0.4643404764576087,0.5531914893617021,0.5849531214269381,0.5775336994508237,0.5408022130013831,0.4727327121976237
0.5409322134153555,0.4927717890866549,0.4395231816591771,0.4731488749345892,0.6520102990691226,0.4728122243676846,0.4686413104454168,0.558609977242351,0.5893306327790664,0.5827924779497421,0.5451491800039517,0.47824600393196
0.5310540636460429,0.4903066766942424,0.440787880418696,0.4777930402930403,0.6449461939658018,0.4719778778993539,0.468080332099181,0.556695444857855,0.5878932409918004,0.5814611416209019,0.543996575116907,0.4770065817591247
0.5241334437477819,0.4874446394250856,0.4402766192180394,0.4819466248037677,0.641711229946524,0.470118477198503,0.4634803096600471,0.5513492034822816,0.5831563816928556,0.5763354967548676,0.5401106500691563,0.4719634156765536
0.5217082692535195,0.4865254449736776,0.4401958937653042,0.4833529565672423,0.6404568561431306,0.4695463539059333,0.4596656569056435,0.5480619875013546,0.5795302342295254,0.5722749209519055,0.5372126720674438,0.4679459782887427
0.5276824795930438,0.4900559872984039,0.4420525791782149,0.4789377289377289,0.6415131709249356,0.4723831318982574,0.4637420995549572,0.5516020662500452,0.5828297017412041,0.5767016142452986,0.5404728973193703,0.4717924608940935
0.5346622500887259,0.4919152669842065,0.4412453246508624,0.4755363683935112,0.6463986267907835,0.4730982860139694,0.4672575638580351,0.5557923635444135,0.5868805331416812,0.5809618904975868,0.5437001910030955,0.4765364561073596
0.5337158405299894,0.4910169633157851,0.4405457040604902,0.4764848246991104,0.6467287251600976,0.4722877780161624,0.4670331725195408,0.5548892822309721,0.5861945052432133,0.5787319021467798,0.5429756965026674,0.4763227626292846
0.5291020939311488,0.4892830283279017,0.4403842531550198,0.4791339612768185,0.6443520169010365,0.4712150468425946,0.462283555854744,0.5486038362894196,0.5811963019829474,0.5738392411382925,0.5390897714549168,0.4720061543721686
0.527800780787886,0.4896799532046461,0.4414875010090682,0.4791993720565149,0.6422393873374265,0.4719302009583065,0.4612363962751038,0.5469060434201496,0.578974878311718,0.5719420868696954,0.536158861885003,0.469570048722113
0.5289837927363067,0.4907453831369599,0.4423216640206657,0.478021978021978,0.6419092889681124,0.4729075782497795,0.4641908822319459,0.5509518477043673,0.5816863219104245,0.5745049093027125,0.538068892840677,0.4717497221984785
0.5317638708150952,0.4919988301161527,0.4426714743158518,0.4762558869701727,0.6430316234237802,0.4737657631886338,0.4678933393171024,0.5547809124733591,0.5852471333834243,0.5776668330837077,0.5422512020022394,0.4755107274125994
0.5319413226073584,0.4914974513244756,0.4419449452412345,0.4766156462585034,0.6440219185317224,0.4731698014255406,0.4665843898425521,0.5539862009175307,0.5850837934075986,0.5779996671659178,0.5428439702298624,0.4753825113257544
0.5269135218265705,0.4887398679702515,0.4406802464817157,0.4801805337519623,0.642767544728329,0.4710243390784047,0.4620217659598339,0.5494707943503233,0.5802489301231584,0.5736395406889665,0.5380030297042745,0.469441832635268
0.5233644859813085,0.488760758753238,0.4423216640206657,0.4811289900575615,0.6387403446226975,0.4717871701351641,0.4598152511313064,0.5469421666726872,0.5779295024664337,0.5720752205025794,0.5355990252255812,0.4664073852466022
0.5296935999053591,0.4912676527116236,0.4426983828000969,0.4774005756148614,0.6418432692942496,0.4733843476602541,0.4620591645162497,0.5505183686739155,0.5809676260167914,0.5758362456315527,0.5386616610683,0.4711086417642534
0.532887732166095,0.4930433692654801,0.4435056373274493,0.4751439037153323,0.6426355053806033,0.4747431404801068,0.4655372302629119,0.5536610916446917,0.5847571134559472,0.5792311532700948,0.5423170651386419,0.4753397726301394
0.5323553767893056,0.4927091167376953,0.4433441864219788,0.4755690737833595,0.6425034660328777,0.4744809173043458,0.4661356071655634,0.5540945706751436,0.5843650975139656,0.5787984689632217,0.5421524072976356,0.4746986921959142
0.5279190819827281,0.4901604412133366,0.4420525791782149,0.4787742019884877,0.6416452102726611,0.4724546473098286,0.461872171734171,0.5492179315825597,0.5798569141811768,0.5735064070560825,0.5374761246130542,0.4698692195914181
0.5258488110729919,0.4893665914598479,0.4419718537254797,0.4799843014128729,0.6405888954908562,0.4719540394288302,0.4597778525748907,0.5470505364303002,0.5781255104374246,0.5715759693792645,0.5358954093393927,0.4693136165484229
0.529397846918254,0.4913512158435698,0.4429136506740576,0.4774332810047096,0.64138113157721,0.4735273784833965,0.4610120049366095,0.5498320268756999,0.5801835941328282,0.5731070061574304,0.5377395771586643,0.4715787674160185
0.5349580030758311,0.4935865296231302,0.4432634609692436,0.4741300366300366,0.6440879382055852,0.4749338482442966,0.4659112158270691,0.5548531589784345,0.5846264414752868,0.5778665335330337,0.5408680761377858,0.4761518078468245
0.5309357624512008,0.4914556697585026,0.4423216640206657,0.4769099947671377,0.6429656037499174,0.4733128322486829,0.4648640562474289,0.5528302568363256,0.5833197216686812,0.5775004160426027,0.5400447869327537,0.473929395674844
0.5266177688394653,0.4893039191108882,0.4415413179775583,0.4798207744636316,0.6415131709249356,0.4717394931941167,0.4600022439133849,0.5474840154607521,0.5784195223939107,0.5733067066067565,0.5361917934532042,0.4692708778528079
0.5277416301904649,0.4902648951282694,0.4422678470521756,0.4787414965986395,0.6413151119033472,0.472597678132971,0.4578331276412731,0.5448108947729654,0.5766881186501586,0.5721750707272424,0.5344793519067378,0.4670057269852124
0.5304034070744115,0.4922704102949778,0.4436401797486747,0.4764521193092622,0.6410510332078959,0.474361724951727,0.4610868020494409,0.5484232200267313,0.5785501943745712,0.5749375936095856,0.5374431930448528,0.4706812548081033
0.5339524429196735,0.4934402941422244,0.4435325458116944,0.4745225013082156,0.6432296824453687,0.4749815251853441,0.4642282807883616,0.5511324639670556,0.5816536539152592,0.5787984689632217,0.5405716920239741,0.4734592700230789
0.5283922867620963,0.4907662739199465,0.4426176573473616,0.4781527995813711,0.6412490922294843,0.4730506090729219,0.4636673024421258,0.5502655059061518,0.5805102740844795,0.5781328007988018,0.5389580451821117,0.4719206769809385
0.5205844079025199,0.4883638338764936,0.4430481930952829,0.4822082679225536,0.6362976166897735,0.4718586855467353,0.4602266352518793,0.5465809341473107,0.576818790630819,0.5741720752205025,0.5344464203385365,0.4682451491580477
0.5265586182420442,0.4893248098938748,0.4415682264618034,0.4798207744636316,0.6414471512510728,0.4717633316646404,0.4582819103182617,0.5452443738034173,0.5749893829015714,0.5715426859710434,0.5318118948824343,0.4663219078553723
0.5329468827635159,0.4924375365588702,0.4426714743158518,0.4756017791732078,0.6436918201624083,0.4740279863643948,0.460937207823778,0.5487844525521078,0.5785828623697364,0.5745381927109335,0.5347098728841467,0.4702538678519531
0.5369099727907252,0.4932104955293724,0.4418911282727444,0.4739010989010989,0.6468607645078233,0.4741233402464898,0.4629941284266428,0.5515298197449698,0.5819149978765804,0.5777666833083707,0.5386287295000989,0.4744849987178391
0.5309949130486218,0.4917690315033007,0.4426983828000969,0.4766483516483517,0.6425694857067404,0.4736465708360152,0.4631437226523057,0.5516743127551205,0.5818823298814152,0.5780329505741387,0.5388263189093065,0.4745277374134541
0.5234827871761505,0.4901604412133366,0.4440438070123511,0.4799843014128729,0.6367597544068131,0.4733366707192067,0.4617973746213397,0.5491818083300221,0.5795629022246904,0.5753369945082376,0.5357966146347889,0.4702538678519531
0.5250798533065184,0.4912258711456505,0.444716519118478,0.4787087912087912,0.6367597544068131,0.4742425325991085,0.4596282583492277,0.5466170573998482,0.5766554506549934,0.5735729738725245,0.5334255417242969,0.4681596717668177
0.5352537560629363,0.4973468705607086,0.447945537227888,0.4711211407639979,0.6385422856011091,0.479153257526997,0.4613485919443509,0.5487122060470325,0.5824050178040574,0.5798302546180728,0.5390568398867155,0.473929395674844
0.5402815568437241,0.5024233308264393,0.4522508947071011,0.4657574568288854,0.6360335379943223,0.4839686285727907,0.4637794981113729,0.5516381895025828,0.5887752768612591,0.5872857380595773,0.5469274846868208,0.4818787930592358
0.5383295871288301,0.5036141054566725,0.4546726582891586,0.4653649921507065,0.6319403182148279,0.4857326753915469,0.4612737948315196,0.5493263013401727,0.59018000065336,0.5893825927775004,0.5488045840742936,0.4829472604496111
0.533006033360937,0.5038856856354976,0.457417323682157,0.4666405023547881,0.6256024295239981,0.4870914682113995,0.4558884027076555,0.5445941552577395,0.587795237006305,0.5876518555500082,0.5464335111638016,0.4807675869732456
0.5368508221933042,0.5048257708698922,0.4568791539972553,0.4648417059131345,0.628441275500099,0.487401368328208,0.4534948950970493,0.5429324856410072,0.5869458691320114,0.5866866367115993,0.5443258907989199,0.47841695871442
0.5498048030285106,0.5075415726581433,0.4544573904151979,0.4591182626896913,0.6386743249488346,0.487854299268159,0.4536444893227122,0.5452804970559549,0.5903760086243508,0.5906806456981194,0.548145952710268,0.4821352252329259
0.5512244173666154,0.5106960808891117,0.4579285848828135,0.4562728937728938,0.6351752822341057,0.491215523612005,0.4538314821047908,0.5481703572589677,0.5958968998072588,0.5977700116491929,0.5557531449647632,0.4901273613129327
0.5535312906660357,0.514644438873569,0.4619379490353308,0.4525444793301936,0.6315442001716511,0.4952203866599919,0.446127379483152,0.5427879926308565,0.5960929077782496,0.5999001497753369,0.5599025225581242,0.4946576630481238
0.5560747663551402,0.5167961895211832,0.4635524580900358,0.4501242804814234,0.6309500231068857,0.4971751412429378,0.4319159280451775,0.5286276776360943,0.5884812649047729,0.5949409219504076,0.5568728182836067,0.4944012308744338
0.560865964746244,0.5181123088493357,0.4630681053736243,0.4478021978021979,0.6342510068000263,0.49769958759446,0.4225288903848312,0.5195246179966044,0.5802489301231584,0.5885837909801963,0.5529210300994533,0.4929481152235234
0.5786111439725541,0.5198253530542324,0.4572020558081964,0.4415554683411826,0.6513501023304944,0.4960785715988463,0.4266053330341449,0.5251959686450168,0.5807716180458006,0.5887834914295224,0.5542382928275045,0.4973502008718694
0.5891991009109192,0.5176527116236316,0.4495869547668379,0.4403126635269493,0.6666006469928039,0.491477746787766,0.4343468342121994,0.5336849329913665,0.5834503936493418,0.5905475120652354,0.5568728182836067,0.5015813317377554
0.5882526913521827,0.5111556781148158,0.4416489519145386,0.4456763474620617,0.6757773816597344,0.4842546902190756,0.4394330378847376,0.5393924068923166,0.5842017575381399,0.5893825927775004,0.5555226239873543,0.4997435678263099
0.5806222642848693,0.5047004261719729,0.4368054247504238,0.4528061224489796,0.6774938931801677,0.4784381034112852,0.4404427989079622,0.5387783115991763,0.5801182581424978,0.5841238142785821,0.5509122044391754,0.4940165826138986
0.5725777830356087,0.5025695663073452,0.4376934047305116,0.456698063840921,0.6718822209018286,0.4776037569429545,0.4384606754179289,0.5331792074558394,0.5738133350756265,0.5768014644699616,0.5440624382533097,0.4875203008804172
0.5700343073465043,0.5033425252778474,0.4398729919543632,0.4567961800104657,0.6678550207961972,0.4790102267038547,0.4405549945772093,0.5334681934761406,0.572996635196498,0.5757363954068897,0.5435684647302904,0.4883323360971023
0.5612800189281912,0.5036349962396591,0.4442321664020666,0.4589874411302983,0.6576219713474615,0.4811080121099431,0.4515501701634317,0.541884911317415,0.5790402143020483,0.5823597936428689,0.5475202529144438,0.491452260876998
0.5375014787649356,0.4978691401353722,0.4476226354169469,0.470074568288854,0.6401927774476793,0.4793201268206631,0.4600022439133849,0.5471589061879132,0.5814903139394335,0.5831253120319521,0.5453797009813607,0.4854688434908967
0.5168579202649947,0.4898888610345115,0.4467346554368593,0.4820447409733124,0.6297616689773552,0.4743855634222508,0.4619469688470025,0.5461474551168588,0.577766162490608,0.5776002662672658,0.5380359612724759,0.4736302248055389
0.5137229386016798,0.485585359739283,0.4426176573473616,0.4862964416535845,0.6329966329966329,0.4700946387279792,0.4629193313138113,0.5464003178846224,0.5735519911143053,0.5710767182559493,0.5317131001778305,0.465210701769382
0.5141961433810481,0.4844572574580095,0.4409224228399214,0.487015960230246,0.6353733412556941,0.4687120074376028,0.4661356071655634,0.5484232200267313,0.5724739472738558,0.5685471792311533,0.5295396166765461,0.4625181639456364
0.5166213178753105,0.4845617113729422,0.4399806258913435,0.4862637362637363,0.6378820888624809,0.4683544303797469,0.4703616440405401,0.5519271755228842,0.5747280389402503,0.5706773173572974,0.5315813739050254,0.4643131891614668
0.5094640955873655,0.4816996741037854,0.4395500901434223,0.4905154369440084,0.6344490658216148,0.4665188681494195,0.4687909046710797,0.5511685872195933,0.5727679592303421,0.5690464303544683,0.5293420272673385,0.4628600735105564
0.5030758310658937,0.4800493022478482,0.4403304361865296,0.4935570381998954,0.6298937083250807,0.4659229063863263,0.4653502374808333,0.5467976736625366,0.5689131358008559,0.564919287735064,0.5250938549693737,0.4582870330797504
0.5043771442091566,0.4799030667669424,0.4395500901434223,0.4932953950811094,0.6316102198455139,0.4654938139168991,0.4635551067728786,0.5440523064696745,0.5668223841102872,0.5628889998335829,0.5232496871501021,0.4552953243866997
0.5057967585472614,0.4810311690482158,0.4403304361865296,0.492052590266876,0.6314121608239255,0.4664711912083721,0.465387636037249,0.5460390853592458,0.5686517918395348,0.565285405225495,0.5253573075149839,0.4579451235148303
0.5115343664971017,0.4833082643937494,0.4406802464817157,0.4886512297226583,0.6341849871261636,0.4679491763808434,0.4699502599199671,0.5517826825127334,0.5727679592303421,0.5700116491928773,0.5300994533359679,0.4635438926403966
0.5079261800544186,0.4806969165204312,0.4389581034900304,0.4916928309785452,0.6343170264738891,0.4656845216810889,0.4692022887916526,0.5513853267348192,0.5722779393028651,0.5695456814777833,0.5292432325627346,0.4625609026412514
0.5037264876375251,0.4795061418901981,0.4393348222694616,0.4937859759288331,0.6314781804977883,0.4651600753295669,0.4659860129399005,0.5469782899252249,0.5693051517428376,0.5660176402063571,0.5256536916287954,0.4577741687323703
0.5008281083638945,0.4799239575499289,0.4411645991981271,0.4942765567765568,0.6276490394137453,0.4662089680326111,0.4637047009985415,0.5440523064696745,0.5670837280716082,0.5636545182226659,0.5235131396957123,0.4535430378664843
0.5026026262865255,0.4820548174145566,0.4431289185480183,0.4921180010465725,0.6261966065887634,0.4683067534386994,0.4715209992894275,0.5523967778058737,0.5758060827806998,0.5706440339490764,0.5272344069024567,0.4544832891700145
0.5021294215071572,0.4822428344614356,0.4436132712644297,0.4921180010465725,0.6253383508285468,0.4686166535555079,0.4876397771046037,0.5708557598526172,0.5908006925614975,0.581793975703112,0.5306922215635909,0.4513206256945038
0.5022477227019992,0.4849586362496866,0.4470575572478002,0.4899594453165882,0.6211791113751897,0.4717156547235929,0.488013762668761,0.5699888017917134,0.5920094083826075,0.5873523048760192,0.5371138773628401,0.4560218822121548
0.5054418549627351,0.493690983538063,0.4568253370287652,0.4822409733124019,0.6109460619264541,0.4810126582278481,0.4587306929952504,0.5355633421233248,0.5763614386985072,0.5939091362955565,0.5587499176710795,0.4811522352337807
0.5076895776647344,0.5044288459931479,0.4696337755294245,0.4731815803244375,0.5965537730243612,0.4928127011370951,0.4175174838251244,0.4853881443485172,0.5516971023488288,0.5978698618738558,0.5855891457551208,0.5164971365073938
0.5350763042706731,0.51330742876243,0.4686112531281112,0.4586930926216641,0.613058691490064,0.4974373644186989,0.39062792176222,0.4545027634288191,0.5297115416026918,0.5964386753203527,0.6080814068365936,0.5584237969057185
0.5671359280728736,0.5121166541321969,0.4524930710653069,0.45074568288854,0.6507559252657291,0.4896183460869151,0.3791839634990089,0.4478560849618899,0.5019764137074908,0.5721085039108004,0.6006388724231049,0.582528421232584
0.5955282148349699,0.5129522854516587,0.4406533379974706,0.4422422815279959,0.6811249752426223,0.4848268135116451,0.3750701222932794,0.4496261243362352,0.4767567214400052,0.5368946580129804,0.5680036883356385,0.582955808188734
0.5947001064710754,0.5239826188685552,0.4552377364583053,0.4338369963369963,0.662705486234898,0.497604233712365,0.3462732338531732,0.4182711411335477,0.4269053608180066,0.4929272757530371,0.5275966541526708,0.5742371142832721
0.6052289128120194,0.5521851759003927,0.486774479993542,0.4088500784929357,0.6298937083250807,0.5276645450427901,0.2909981674707356,0.3541162446266662,0.3715004410179347,0.4745215510068231,0.5294408219719423,0.6032994273014788
0.6207263693363303,0.5781942007186429,0.5132524284907031,0.3842229199372057,0.606060606060606,0.5542206012062266,0.2195669247167059,0.2646389480908861,0.283623534023717,0.4271259777001164,0.5095501547783705,0.6295837251047098
0.566189518514137,0.552310520598312,0.5046955305007669,0.4195447409733124,0.5861886842278998,0.53565043266824,0.2241295485994241,0.2400751363652783,0.1734670543268759,0.2967215842902312,0.386649542251202,0.5562441234293529
0.4693008399384833,0.5010236483663408,0.4827382073567796,0.4864599686028258,0.5590545982702845,0.4966745333619395,0.3103706196940798,0.3102264927934111,0.1463199503446473,0.2085538359127974,0.281367318711717,0.4513206256945038
0.4008044481249261,0.4728210913345032,0.4775448698974787,0.5274725274725275,0.5271670957945467,0.4782950725881428,0.3929466322599948,0.3948632734891449,0.212439972558884,0.2411382925611582,0.2878219060791675,0.4019146935635524
0.3504672897196262,0.4540611682125846,0.4762801711379598,0.5560897435897436,0.5006271869016966,0.4670194760304179,0.4814316167395939,0.4851352815807536,0.2981934598673679,0.3069063072058579,0.3214121056444708,0.3620822292503633
0.343073465041997,0.4377663574830784,0.4586551139574308,0.5709052851909995,0.5181224004753415,0.4499034541943789,0.555368562773477,0.5652927789618177,0.3650321779752377,0.3569645531702446,0.3502930909569914,0.3445166253525942
0.3563231988643086,0.4340895796774462,0.4478917202593978,0.5701203558346416,0.5387205387205386,0.443061813154068,0.5729832828452822,0.5912292742838565,0.3980268530920258,0.3909136295556665,0.3770664559046301,0.34789298230618
0.3774991127410387,0.4345073953371772,0.438823561068805,0.5639063317634746,0.561695385224797,0.4392714963407947,0.5696174127678673,0.5966477621645053,0.4270360327986671,0.4220003328340821,0.4035105051702562,0.3597316009915378
0.4004495445403999,0.4356772791844238,0.4298630358151926,0.5566457352171639,0.5854624678154089,0.4359817874085198,0.5591084184150492,0.5928909439005888,0.4509490052595472,0.4454984190381094,0.4233023776592241,0.3721685614155056
0.418076422571868,0.4372231971254282,0.4238355353442941,0.5505952380952382,0.6026936026936026,0.4341700636487163,0.5450465612027376,0.5854495538778312,0.4666949789291431,0.4609086370444333,0.4371007047355595,0.3830241901017181
0.4468236129184905,0.4461226706776969,0.4222210262895891,0.5356815803244376,0.62071697365815,0.4385325037545591,0.5386514080556492,0.587905935050392,0.4880925157623077,0.4816442003661174,0.4544885727458341,0.3975553466108214
0.4666982136519579,0.4557951032004679,0.4256384037887146,0.5225994243851387,0.6275830197398824,0.4455886910295835,0.5379408354837504,0.5957085575985261,0.5148802717977198,0.5074721251456149,0.4766185865770928,0.417343362680571
0.4799479474742695,0.4649034845826021,0.4313430024486721,0.5118066457352172,0.628045157456922,0.4532885170087487,0.5342009798421782,0.5994653758624426,0.5377152004181505,0.528540522549509,0.4949285384970032,0.4323873835370545
0.4866319649828464,0.4709200300827275,0.4360519871915615,0.5052328623757195,0.6259985475671749,0.4588190421702544,0.5197277385092935,0.5905790557381786,0.5479402829048381,0.5390580795473455,0.5036883356385431,0.4387981878793059
0.4917189163610553,0.4791927801453998,0.4443936173075371,0.497350863422292,0.6185383244206772,0.4672340222651314,0.4941097273645238,0.570024925044251,0.5549965698605077,0.5486769845232151,0.5131726272805112,0.4464056756987776
0.5037264876375251,0.4893039191108882,0.4519549013804053,0.4861329147043433,0.6159635571400277,0.4763641564757205,0.4738397097872022,0.5542751869378318,0.5643396164777369,0.5602263271759028,0.5254561022195877,0.4586716813402855
0.513841239796522,0.4945266148575248,0.4540806716357667,0.4792647828362114,0.619000462137717,0.4802736656416124,0.4692770859044841,0.5516020662500452,0.5721472673222046,0.5692461308037943,0.5344793519067378,0.4687152748098129
0.5049686501833669,0.4919570485501797,0.4547802922261389,0.483712715855573,0.6132567505116524,0.4791294190564733,0.4670331725195408,0.549398547845248,0.574172683022443,0.5715094025628223,0.5362905881578081,0.4702111291563381
0.5028392286762097,0.4913929974095429,0.4550493770685898,0.4847265829408687,0.6117382980128078,0.4789148728217597,0.4610494034930252,0.5438716902069862,0.5711998954624155,0.5693459810284572,0.5332279523150892,0.4662364304641422
0.5083402342363658,0.4938163282359822,0.4556682722062266,0.481325222396651,0.6139829669241433,0.4805597272878972,0.4567859680616328,0.5394285301448543,0.5689131358008559,0.5687135962722581,0.5319436211552394,0.4645696213351568
0.5135454868094168,0.4960307512325562,0.4561795334068832,0.4781527995813711,0.6162936555093417,0.4820615509308922,0.4579079247541046,0.5410179532565113,0.5718532553657182,0.5722416375436844,0.5347757360205493,0.4692708778528079
0.517271974446942,0.4980571571822512,0.4570406049027258,0.4755363683935112,0.6173499702911467,0.4836110515149348,0.4605632222596208,0.5447386482678901,0.576328770703342,0.5776002662672658,0.5395178818415334,0.4743995213266092
0.515734058913995,0.497973594050305,0.4576595000403627,0.4760269492412349,0.6156994784445764,0.4838255977496484,0.4600396424698007,0.5451360040458043,0.5775701545196172,0.5789981694125479,0.5417901600474215,0.4755534661082144
0.5143735951733113,0.4965530208072198,0.4564486182493341,0.477498691784406,0.6164256948570673,0.4824668049297957,0.4548412431280153,0.5397897626702308,0.5743686909934338,0.5750041604260275,0.5390897714549168,0.4721771091546286
0.5117118182893647,0.4958636249686638,0.456771520060275,0.478806907378336,0.6145771439889086,0.4822284202245584,0.4511387860428588,0.53502149333526,0.5712978994479109,0.5721750707272424,0.5365869722716196,0.4689289682878878
0.5163255648882054,0.4985167544079552,0.458090035788284,0.4754382522239666,0.615501419422988,0.4843262056306467,0.4530087138636449,0.5369360257197558,0.5736173271046356,0.5753702779164586,0.5394520187051307,0.4726044961107787
0.5196971489412043,0.500647614272583,0.4593009175793127,0.4728218210361068,0.6158975374661648,0.4860902524494028,0.4556640113691612,0.5400426254379944,0.5772108065728007,0.5795639873523047,0.5441612329579134,0.4773912300196598
0.5169170708624157,0.4993732765104036,0.4589511072841267,0.4745879120879121,0.614775203010497,0.4852082290400248,0.4554770185870825,0.5403677347108333,0.5780601744470942,0.5804293559660508,0.5453138378449582,0.4784596974100351
0.510469655743523,0.4965739115902063,0.4582783951779996,0.4785779696493982,0.612002376708259,0.4833011513981263,0.4495680466733984,0.5347686305674962,0.5723432752931953,0.5752038608753536,0.5404399657511691,0.4729036669800838
0.5081627824441027,0.4972006350798027,0.4601081721066652,0.4787414965986395,0.60850333399353,0.4844692364537891,0.446127379483152,0.5309395657985045,0.569174479762177,0.5718089532368115,0.5383652769544887,0.4727754508932387
0.5205844079025199,0.5010236483663408,0.459381643032048,0.4722985347985348,0.6162936555093417,0.4863286371546402,0.4484460899809268,0.5337571794964419,0.5713959034334063,0.5740056581793975,0.5408680761377858,0.4760235917599795
0.5263220158523602,0.5029664911840895,0.4592471006108226,0.4691915227629514,0.6196606588763451,0.4873775298576843,0.4513257788249374,0.5375862442654337,0.5749240469112411,0.5779663837576967,0.5445564117763289,0.4815368834943157
0.5211759138767302,0.5016503718559372,0.4599198127169497,0.4716444270015699,0.6159635571400277,0.4869245989177334,0.4515501701634317,0.5372250117400571,0.5753487308483879,0.5788650357796639,0.5459066060725812,0.4832464313189162
0.5134863362119958,0.4994150580763767,0.4605656163388317,0.4755363683935112,0.6108800422525912,0.4859233831557367,0.4462769737088149,0.5316981541017953,0.5698605076606449,0.5735396904643035,0.5424158598432457,0.4790153004530301
0.512066721873891,0.4998955460850672,0.4618034066141054,0.4755363683935112,0.6085693536673927,0.4867577296240673,0.4407793859157037,0.5264241592312973,0.5655483322988468,0.5694125478448993,0.5387275242047027,0.4746986921959142
0.5214125162664143,0.50405281189939,0.4629066544681539,0.4697148090005233,0.6124645144252986,0.4896183460869151,0.4422753281723326,0.528338691615793,0.5668550521054523,0.5725079048094525,0.5418889547520253,0.4793999487135653
0.5288654915414646,0.5071237569984123,0.4634448241530555,0.4652341705913135,0.6158975374661648,0.4916207776109085,0.4453046112420061,0.532059386627172,0.5706445395446081,0.5767348976535197,0.5465323058684054,0.4864945721856569
0.5199337513308885,0.5049511155678115,0.4647364313968194,0.4693877551020408,0.6093615897537465,0.4909294619657203,0.4433598863083886,0.5293140194343099,0.5673777400280945,0.5745049093027125,0.5450833168675493,0.4841439439268314
0.5154974565243109,0.5045541906910671,0.4662433065145441,0.4709249084249085,0.6050703109526638,0.4913823929056711,0.4388346609820862,0.523173066502908,0.5614321649080396,0.5693459810284572,0.5408022130013831,0.4790580391486452
0.5075121258724713,0.5036349962396591,0.4686919785808466,0.4738683935112506,0.5975440681323034,0.4919545161982407,0.4328882905119862,0.5164541415309035,0.5565973016235994,0.5638875020802129,0.5364552459988144,0.4759808530643645
0.5125990772506802,0.5071028662154258,0.4708446573204532,0.4697475143903716,0.5977421271538919,0.4948866480726597,0.4322151164965033,0.5161290322580645,0.5568586455849205,0.564286902978865,0.5383323453862873,0.4798700743653304
0.5180409322134153,0.5102782652293808,0.4724591663751581,0.4657574568288854,0.5988644616095595,0.4974135259481752,0.4359175735816598,0.5192356319763032,0.5583613733625168,0.5672824097187552,0.5421524072976356,0.4855115821865117
0.5154383059268899,0.5102364836634077,0.4735893227134515,0.4665096807953951,0.5959595959595959,0.4978664568881261,0.432925689068402,0.5155149369649243,0.5543105419620398,0.5647861541021799,0.5403741026147665,0.4853833660996666
0.5106471075357861,0.5092755076460266,0.4745311196620294,0.4686028257456829,0.5921964745494156,0.4977472645355074,0.4261191518007405,0.5076400679117148,0.5469929110450492,0.5577300715593276,0.5348086675887506,0.4810240191469357
0.5040222406246303,0.5093590707779728,0.477652503834459,0.4703689167974882,0.5846702317290552,0.4991775727669312,0.4194996073151577,0.5005599104143337,0.5394139361667374,0.5508071226493593,0.5296713429493513,0.4750406017608343
0.5049094995859458,0.5131611932815242,0.4821462207033878,0.4671310832025118,0.5796527365154815,0.5033493051085842,0.4170687011481357,0.497886789726547,0.5356897847179118,0.5499417540356132,0.5287163274715142,0.4755962048038293
0.5095823967822075,0.5170468789170218,0.4850523370018567,0.4627812663526949,0.5786624414075394,0.5068535602755727,0.4180784621713602,0.4976339269587834,0.534513736891967,0.5516724912631052,0.53118619508661,0.4811522352337807
0.5057967585472614,0.5172348959639007,0.4869897478675027,0.4636970172684459,0.5741731035848683,0.507807099096522,0.4137776281835522,0.4931546436441137,0.528568161771912,0.5474454984190381,0.5295725482447474,0.4823061800153859
0.4995859458180527,0.5172766775298738,0.4898689556817265,0.4653649921507065,0.5671750181554103,0.5091182149753272,0.4063353154568234,0.4839070909944731,0.5181144033190683,0.5392244965884506,0.5216689718764408,0.4770493204547397
0.4917189163610553,0.518049636500376,0.4944703064876355,0.4669348508634223,0.5571400277282629,0.5115974159097952,0.3989304012865104,0.4737925802839288,0.507268628924243,0.5309702113496421,0.5147862741223737,0.4729464056756988
0.4918372175558974,0.5210579092504387,0.4982644027661922,0.4645473574045003,0.5525186505578662,0.514982478724165,0.3945547701858709,0.4681934761405917,0.4995589820652706,0.526643368280912,0.5117565698478561,0.473801179587999
0.4976931267005797,0.5253196289796941,0.5010897936119258,0.459608843537415,0.5523866112101405,0.5186774416553434,0.3924230524701746,0.4657732182205685,0.4949527947469864,0.5244133799301047,0.5113943225976422,0.4770493204547397
0.493020229504318,0.5263641681290214,0.5045878965637866,0.4600667189952905,0.5454545454545454,0.5208229040024792,0.3873742473540522,0.4587291839757252,0.4866551239750417,0.5190547512065234,0.5084634130277284,0.4774767074108898
0.4831420797350054,0.5258001169883847,0.508328175873853,0.4632391418105704,0.5353535353535354,0.5221578583518082,0.3773140356782228,0.4455441967994799,0.4717258501845742,0.5067731735729738,0.4984851478627412,0.4697837422001881
0.4719034662250089,0.5259045709033174,0.5135753303016442,0.4662807430664574,0.5226117382980128,0.5245178669336575,0.3671042297767306,0.432828811906224,0.4573846003070791,0.4950906972874022,0.4885398142659554,0.4638003248140867
0.4753933514728499,0.5297693657558286,0.5169657993165244,0.4622906855049712,0.52043308906054,0.5282366683353596,0.3632147799094955,0.4265433659646715,0.4486295776028225,0.4884340156432018,0.4846538892182045,0.4636293700316267
0.473796285342482,0.5330701094677028,0.5219438689018647,0.4601321297749869,0.513435003631082,0.5323130467949176,0.3616440405400352,0.4223530686703031,0.4427493384730979,0.4839740389415876,0.4825792004215241,0.4672194204632875
0.4680586773926416,0.5326105122419988,0.523962005220246,0.4620944531658817,0.5077573116788803,0.5329566854990584,0.3561838513033397,0.4150200484051584,0.4316422201169514,0.4752537859876851,0.4769808338273069,0.4662791691597572
0.4584171300130131,0.5313988468287791,0.5267873960659796,0.4656920460491889,0.4989106753812635,0.5335049703211042,0.3451138786042859,0.4013654589459234,0.415765574466695,0.4611083374937593,0.4664756635710992,0.4579878622104453
0.454690642375488,0.5317957717055235,0.5289938917740764,0.4664442700156986,0.4940912391892783,0.5347207323178145,0.3364748120722541,0.3897337716287974,0.4022410244683284,0.4487601930437676,0.4563327405651057,0.4504231130865886
0.4532710280373832,0.5333625804295145,0.5316578317143396,0.4655939298796442,0.4900640390836468,0.5367946792533791,0.3349040727027937,0.3873857602138497,0.3974061611838881,0.4444000665668164,0.454225120200224,0.4488845200444483
0.4555187507393825,0.5350129522854516,0.532787988052633,0.4636643118785976,0.4899319997359213,0.538224987484803,0.33782116010322,0.3899505111440234,0.3991048969324752,0.4467299051422865,0.457320687611144,0.4546542439524746
0.4571158168697504,0.5364961978774965,0.5339450528751716,0.4620944531658817,0.4894038423450187,0.5395837803046557,0.3375967687647257,0.3876386229816133,0.3935840057495671,0.4427691795639872,0.4543239149048277,0.4569193948200701
0.4502543475689105,0.5331954541656221,0.5328148965368781,0.4665750915750916,0.4869611144120948,0.5371999332522825,0.3303040502636598,0.3779937145540585,0.3816275195191271,0.4322516225661507,0.4447078969900547,0.4499957261304385
0.4392523364485981,0.5307303417732097,0.5346446734655437,0.4715136054421769,0.4785766158315177,0.5366278099597129,0.3242828826807286,0.3703355850160749,0.3715984450034301,0.4228657014478282,0.4366725943489429,0.4446533891785623
0.4406128001892819,0.5315241915266984,0.5350213922449748,0.4705324437467295,0.4789067142008317,0.53724761019333,0.3256666292681103,0.3701910920059242,0.3690830093757146,0.4207355633216841,0.4355858525983007,0.4452517309171724
0.4489530344256477,0.5332790172975683,0.5335145171272502,0.4668694400837258,0.4853766422393872,0.5375813487806622,0.3328845506563447,0.3779937145540585,0.3724804808728889,0.4230986853053752,0.4370677731673582,0.4459782887426275
0.4426239205015971,0.530208072198546,0.5324112692732018,0.4709903192046049,0.4831979930019144,0.5353166940809078,0.3361008265080968,0.381750532817975,0.3750939204860998,0.4239640539191213,0.436211552394125,0.4441405248311821
0.4408494025789661,0.524358652962313,0.5257110566961763,0.4760923600209314,0.4904601571268238,0.5290233378626428,0.3361382250645126,0.381425423545136,0.3743098886021365,0.4207688467299051,0.4320951063689653,0.4375587657064707
0.4459363539571749,0.5207863290716136,0.5187955762451901,0.4774659863945578,0.5017495213573644,0.5239219051705643,0.3392049066906018,0.3860853231224939,0.3771193361863382,0.4207355633216841,0.4295593756174669,0.4323873835370545
0.4522063172838045,0.5201804963650037,0.5151898393563491,0.4762231815803245,0.5096718822209018,0.521990989058142,0.3478439732226336,0.3976808871870824,0.3878017706053379,0.4288234315193875,0.4333135743924126,0.4329857252756646
0.4610789068969597,0.5202431687139634,0.5112073836880768,0.4737048665620094,0.5195088136264606,0.5202507807099096,0.3607838737424736,0.4127804067478235,0.4022410244683284,0.4403062073556331,0.4411512876243166,0.4376869817933157
0.4629125754170117,0.5167544079552102,0.5058795038075505,0.4759288330716902,0.5271010761206839,0.5159121790745906,0.3710684767567972,0.4250984358631651,0.4154715625102088,0.4494258612081876,0.4470789699005467,0.4400803487477562
0.4610197562995386,0.5104036099273,0.4985603960928881,0.4814233385661957,0.5349574173103584,0.509046699563756,0.3759676876472568,0.4326843188960734,0.4235732253111627,0.4539524047262439,0.4479681222419812,0.4350799213608001
0.4664024606648527,0.5067895044706275,0.4914565562521863,0.4827642595499739,0.5467089192579389,0.5038260745190589,0.3821758480122668,0.4415706390203374,0.4336022998268596,0.4605758029622233,0.4500098794704604,0.4320454739721344
0.4785283331361646,0.5063299072449234,0.4853752388127977,0.4797553636839352,0.5609031491384432,0.5008701041741163,0.3941433860652978,0.4555142144998735,0.4495442814674463,0.4728573805957729,0.4585720872027926,0.4375160270108556
0.4901218502306874,0.5072908832623046,0.4813389661760353,0.4758307169021455,0.5723905723905723,0.4996305037068822,0.4070832865851378,0.4716251851316693,0.4685243866583908,0.4883674488267598,0.4706579727326615,0.4461919822207026
0.492961078906897,0.5050555694827442,0.4771412426338025,0.4767791732077446,0.5790585594507163,0.4965076640682733,0.4159093458992483,0.4831485026911823,0.4819182646760969,0.4990181394574804,0.478298096555358,0.447858791349688
0.4868685673725305,0.4993314949444305,0.4725398918278933,0.4829604918890633,0.5813692480359146,0.4911916851414813,0.419312614533079,0.4880612650363038,0.4894319035640783,0.5042103511399567,0.4810972798524666,0.4448243439610224
0.4918963681533183,0.4972215258627893,0.4675080052740629,0.4832221350078493,0.5903479236812569,0.487758945386064,0.4232394629567299,0.4934797529169526,0.4979255823070138,0.511100016641704,0.4856418362642429,0.4461065048294726
0.4997042470128948,0.4980989387482242,0.4651400586604957,0.4803767660910518,0.5976100878061662,0.4872106605640182,0.4307191742398744,0.5046418379510891,0.5105027604455915,0.5214178731902146,0.4934136863597444,0.4509787161295838
0.5132497338223116,0.5011907746302331,0.4629335629523989,0.4741954474097332,0.6078431372549019,0.4879973300913013,0.4392460451026591,0.5177545786222592,0.5251380222795727,0.5339657180895323,0.5034248830929329,0.4586289426446706
0.5167396190701526,0.5009400852343946,0.461023060570998,0.4734105180533752,0.6121344160559846,0.4870199527998283,0.4437338718725457,0.5233536827655962,0.5340237169644899,0.5411216508570478,0.5095830863465719,0.460851354816651
0.5086951378208919,0.4960725327985292,0.4584398460834702,0.4794610151753009,0.6108140225787284,0.4830866051634127,0.4437712704289615,0.5249069826247156,0.5374865244519945,0.5431519387585289,0.5104722386880064,0.4582870330797504
0.5082219330415237,0.4947564134703768,0.4569329709657456,0.4806384092098378,0.6123984947514358,0.4816562969319888,0.4435842776468828,0.5260990499584582,0.5411780079056548,0.545814611416209,0.5124481327800829,0.4561500982989999
0.5189873417721519,0.4973677613436951,0.4553991873637758,0.4756017791732078,0.6203208556149732,0.4824668049297957,0.4473989304012866,0.5310479355561175,0.5478422789193428,0.5520718921617573,0.5172561417374696,0.4581588169929054
0.5321187743996214,0.5011907746302331,0.4543497564782175,0.4689952904238619,0.6289034132171386,0.4841831748075044,0.4535696922098807,0.5392117906296283,0.558655385319003,0.5611582626060908,0.5248304024237634,0.465167963073767
0.5234827871761505,0.4982242834461435,0.4544573904151979,0.4737048665620094,0.6239519376774278,0.4825383203413669,0.4553648229178354,0.5424628833580176,0.5633595766227827,0.564653020469296,0.5278930382664823,0.4681169330712027
0.517271974446942,0.4943594885936325,0.4523047116755913,0.4784471480900052,0.6230936819172112,0.4793916422322343,0.4540932719997008,0.5418487880648774,0.5637515925647644,0.563820935263771,0.527629585720872,0.4667492948115224
0.5131314326274695,0.4920823932480989,0.4512552807900331,0.4813579277864992,0.622103386809269,0.4776275954134783,0.451924155727589,0.5396813929126179,0.5650909803665349,0.563488101181561,0.526081802015412,0.4632447217710915
0.5248432509168343,0.4952369014790674,0.4499905820305142,0.4756671899529043,0.6302238066943948,0.4788671958807123,0.453943677774038,0.5422461438427916,0.5696644996896542,0.5669162922283241,0.5292432325627346,0.465253440464997
0.5346030994913049,0.4992688225954709,0.4507440195893765,0.469812925170068,0.634713144517066,0.4814894276383227,0.4580575189797674,0.5487122060470325,0.5757407467903695,0.5723082043601264,0.5338536521109135,0.4718351995897085
0.5276824795930438,0.4978064677864126,0.4520087183488954,0.472854526425955,0.6292995312603155,0.4812272044625617,0.4623957515239912,0.5522161615431854,0.5784521903890758,0.5758029622233316,0.5364552459988144,0.4743567826309941
0.5196379983437833,0.4940461268488343,0.4508247450421118,0.478021978021978,0.6262626262626262,0.4785572957639038,0.4582071132054303,0.5481703572589677,0.575381398843553,0.5731735729738725,0.5336560627017058,0.4679459782887427
0.5182183840056785,0.4930851508314531,0.4502327583887199,0.4791666666666667,0.6261966065887634,0.4777467877660969,0.4537192864355436,0.5432214716613084,0.572996635196498,0.5706107505408553,0.5311532635184087,0.4631165056842465
0.5253756062936236,0.4960098604495696,0.4507440195893765,0.4748822605965463,0.6295636099557668,0.4796300269374716,0.456224989715397,0.5454611133186432,0.5754794028290484,0.5732068563820936,0.5334584732924982,0.465467133943072
0.5371465751804093,0.5000835631319462,0.4506363856523962,0.4684392987964417,0.6362315970159107,0.4819185201077499,0.4611615991622723,0.5513492034822816,0.5812943059684428,0.5785654851056747,0.5381018244088783,0.4723053252414737
0.5353129066603572,0.4993732765104036,0.4505287517154159,0.4695185766614338,0.6353733412556941,0.4814655891677989,0.4620591645162497,0.552469024310949,0.5825683577798831,0.5800299550673987,0.5389909767503128,0.4737584408923839
0.5237193895658346,0.4951533383471213,0.4503942092941905,0.4760269492412349,0.629101472238727,0.4789863882333309,0.4585437002131718,0.5483870967741936,0.5797915781908465,0.5764686303877516,0.5370150826582363,0.4712368578510983
0.5159706613036792,0.4926255536057491,0.4506632941366413,0.4801478283621141,0.6244140753944675,0.4776752723545257,0.4551778301357568,0.5439439367120615,0.5760347587468557,0.5731402895656514,0.5344793519067378,0.4670912043764424
0.5224180764225719,0.4959054065346369,0.4519549013804053,0.4757980115122972,0.6263946656103518,0.48013063481847,0.4570477579565429,0.5470505364303002,0.5788442063310576,0.5762023631219837,0.5370809457946387,0.4688007522010428
0.5308766118537798,0.4999582184340269,0.4533272340769044,0.4702708006279435,0.6294315706080411,0.4830389282223652,0.4623583529675755,0.5529386265939386,0.5844304335042958,0.58139457480446,0.5428439702298624,0.4752542952389093
0.5291020939311488,0.5007311774045291,0.455130102521325,0.4701726844583987,0.6262626262626262,0.4842785286895992,0.4628071356445641,0.5530469963515515,0.58541047335925,0.5824263604593111,0.5436013962984918,0.4776049234977349
0.5240742931503609,0.4977020138714798,0.45351559346662,0.4739338042909471,0.6254703901762725,0.4818231662256549,0.4588802872209133,0.5491818083300221,0.5817189899055895,0.5781993676152437,0.5391227030231179,0.4729464056756988
0.5232461847864665,0.4975139968246009,0.4536232274036004,0.4743262689691261,0.6248101934376444,0.4817754892846074,0.4569355622872957,0.5461474551168588,0.5785175263794062,0.5757031119986686,0.5364881775670157,0.4708094708949483
0.5251390039039394,0.498203392663157,0.4536770443720905,0.473246991104134,0.6258004885455866,0.4822045817540346,0.4577583305284416,0.5469782899252249,0.5792688902682043,0.5764686303877516,0.5378383718632681,0.4725617574151637
0.5310540636460429,0.5005222695746637,0.4539730376987864,0.469812925170068,0.6287713738694131,0.4836587284559823,0.4611242006058567,0.5511685872195933,0.5837770736009932,0.5808620402729239,0.5423499967068433,0.4775621848021198
0.5335383887377262,0.5013996824600986,0.4539730376987864,0.4684392987964417,0.630157787020532,0.4841593363369806,0.4614233890571824,0.5519994220279594,0.5855084773447454,0.582226660009985,0.5440624382533097,0.4788870843661851
0.5292795457234118,0.4990390239826188,0.4528697898447381,0.4714481946624804,0.6291674919125899,0.4822999356361296,0.4575339391899473,0.5479174944912041,0.5818823298814152,0.5773339990014977,0.5398142659553448,0.473886656979229
0.5241925943452028,0.4974931060416144,0.4531926916556791,0.4740646258503402,0.6259325278933122,0.4815609430498939,0.4555892142563297,0.5443774157425135,0.5793995622488649,0.5740722249958395,0.5364881775670157,0.4708522095905633
0.5290429433337277,0.4998746553020807,0.4540537631515217,0.4708594976452119,0.6275170000660196,0.4833249898686501,0.457309547851453,0.5459307156016328,0.5810982979974519,0.5764353469795307,0.5388592504775078,0.4721343704590136
0.5401632556488821,0.5035305423247263,0.4537039528563356,0.464907116692831,0.6341849871261636,0.4852559059810722,0.4614233890571824,0.5517104360076581,0.5853451373689197,0.581028457314029,0.5434038068892841,0.4778613556714249
0.5416420205844079,0.5042617197292555,0.4539999461830315,0.4639586603872319,0.6346471248432033,0.4857803523325943,0.4627323385317327,0.5529747498464762,0.5862271732383785,0.582326510234648,0.5453138378449582,0.4793572100179503
0.5311132142434639,0.500229798612852,0.4535694104351102,0.4700091575091575,0.6292995312603155,0.4833011513981263,0.4577957290848573,0.5475923852183651,0.5815883179249289,0.5780329505741387,0.5416584337746163,0.4745277374134541
0.5254939074884657,0.4978691401353722,0.4530850577186987,0.4734105180533752,0.6267907836535287,0.48172781234356,0.4538688806612065,0.5434020879239967,0.5772108065728007,0.5739390913629555,0.5382006191134822,0.4707667321993333
0.5291020939311488,0.5001671262638924,0.4544035734467078,0.470597854526426,0.6271869016967055,0.4836348899854585,0.4564119824974756,0.5454249900661056,0.5791055502923785,0.5755366949575635,0.5405058288875716,0.4733737926318488
0.5343664971016208,0.5028620372691568,0.4554530043322659,0.4670329670329671,0.6288373935432758,0.485637321509452,0.4594412655671491,0.5485677130368819,0.582078337852406,0.5791313030454318,0.5427781070934597,0.4769638430635097
0.5333017863480422,0.5026322386563048,0.4556682722062266,0.4675235478806908,0.6279131181091964,0.4855896445684045,0.4608250121545309,0.5508434779467544,0.5833523896638464,0.5802962223331668,0.5431732859118752,0.4789725617574152
0.5291612445285697,0.4990808055485919,0.4529505152974732,0.4714481946624804,0.6289694328910014,0.4823714510477007,0.4554396200306669,0.545063757540729,0.5781908464277548,0.5746047595273757,0.5381018244088783,0.4743567826309941
0.5269726724239915,0.4972006350798027,0.4515781826009741,0.4735413396127682,0.6294315706080411,0.4807027581110396,0.4515501701634317,0.5410179532565113,0.5744013589885989,0.5710101514395074,0.5344793519067378,0.4698692195914181
0.5296935999053591,0.4988718977187265,0.4524661625810618,0.4714481946624804,0.6298937083250807,0.4820377124603685,0.4545794532331053,0.5437994437019109,0.5761327627323513,0.5735064070560825,0.5366199038398208,0.4723053252414737
0.5355495090500415,0.502527784741372,0.4545112073836881,0.4670002616431188,0.6306199247375718,0.4850175212758349,0.4587306929952504,0.5488205758046455,0.5798242461860116,0.5793642869029788,0.5409998024105909,0.4778186169758099
0.5322962261918845,0.5023188769115067,0.4556951806904717,0.4680468341182627,0.6273189410444312,0.4854227752747383,0.4588802872209133,0.549506917602861,0.5799549181666722,0.5809286070893659,0.5428110386616611,0.4791862552354902
0.5247841003194132,0.498433191276009,0.454134488604257,0.4731815803244375,0.6250742721330955,0.4825144818708432,0.4546168517895209,0.5444857855001264,0.5755447388193787,0.5771010151439507,0.5393532240005269,0.4745704761090691
0.5214716668638354,0.496824600986045,0.4535694104351102,0.4753401360544218,0.6238859180035651,0.4813702352857041,0.4511387860428588,0.540837336993823,0.5722452713076999,0.5742386420369445,0.535434367384575,0.4689717069835029
0.5276824795930438,0.4991852594635246,0.4537577698248258,0.4717752485609628,0.6271869016967055,0.4827767050466042,0.4529713153072292,0.5426434996207059,0.5732906471529843,0.5745714761191546,0.5352367779753672,0.469612787417728
0.5351354548680942,0.501796607336843,0.4537577698248258,0.467687074829932,0.6312801214761998,0.4842785286895992,0.4576461348591945,0.5467254271574613,0.5767861226356539,0.5781993676152437,0.5391556345913192,0.4741858278485341
0.5310540636460429,0.5006267234895964,0.4541075801200119,0.4697148090005233,0.6286393345216874,0.4837540823380772,0.4578705261976888,0.5473033991980638,0.5774068145437915,0.5792977200865368,0.541131528683396,0.4747414308915292
0.5255530580858867,0.4981407203141973,0.4534079595296397,0.4731815803244375,0.6263946656103518,0.4820377124603685,0.454205467668948,0.5441245529747498,0.5737153310901311,0.5760692294890997,0.5382006191134822,0.4732455765450039
0.5234827871761505,0.4963858945433275,0.4520625353173856,0.4751439037153323,0.6268568033273916,0.4804405349352786,0.45042821347096,0.5405844742260594,0.570350527588122,0.5725079048094525,0.5339524468155173,0.4690999230703479
0.5320596238022004,0.4988301161527534,0.4513360062427684,0.4708267922553637,0.6325344952795933,0.4815132661088465,0.4526347282994877,0.5430047321460825,0.572506615269021,0.5749375936095856,0.5364552459988144,0.4725190187195487
0.5317638708150952,0.4999164368680538,0.4528697898447381,0.470074568288854,0.6304878853898461,0.4828243819876517,0.457309547851453,0.546761550409999,0.5759040867661952,0.5791645864536528,0.5406046235921754,0.4772202752371997
0.5309357624512008,0.499770201387148,0.4530581492344536,0.4704016221873365,0.6298276886512181,0.4828005435171279,0.4577957290848573,0.547700754975978,0.5761654307275162,0.5803960725578299,0.5416584337746163,0.4767074108898197
0.5230095823967822,0.4975348876075875,0.4537846783090708,0.4743589743589744,0.6245461147421931,0.4818470046961787,0.4531957066457235,0.5420294043275657,0.5721799353173695,0.5760359460808786,0.537937166567872,0.4717924608940935
0.5133680350171537,0.4950279936492019,0.4549417431316094,0.4790031397174255,0.6177460883343235,0.480941142816277,0.4506900033658701,0.53903117436694,0.5698931756558101,0.5730071559327674,0.5350062569979582,0.4686725361141978
0.5219448716432036,0.4981407203141973,0.4550493770685898,0.4741954474097332,0.6223674655047203,0.4827528665760805,0.4531957066457235,0.5422461438427916,0.5712325634575807,0.5740722249958395,0.5357636830665876,0.4690999230703479
0.5277416301904649,0.5014414640260717,0.4566369776390496,0.4700091575091575,0.6236218393081138,0.4853512598631672,0.4576087363027787,0.5469060434201496,0.575120054882232,0.5787651855550009,0.5402094447737602,0.4750833404564493
0.5351946054655152,0.501796607336843,0.4537308613405807,0.4676543694400837,0.6313461411500626,0.4842785286895992,0.4587680915516661,0.5481703572589677,0.5764267746888374,0.5801298052920619,0.541856023183824,0.4777758782801949
0.5272092748136756,0.4979318124843319,0.4523854371283266,0.4728872318158033,0.6285733148478246,0.4814655891677989,0.4549160402408467,0.5438716902069862,0.5726046192545164,0.5762023631219837,0.5386287295000989,0.4743140439353791
0.522654678812256,0.4956964987047714,0.451551274116729,0.475896127681842,0.6270548623489799,0.4798207347016615,0.4512509817121059,0.5393201603872413,0.5692398157525073,0.5724413379930104,0.5346440097477442,0.469356355244038
0.5246066485271501,0.4969290549009776,0.4522508947071011,0.4743916797488226,0.6272529213705683,0.480845788934182,0.4515875687198474,0.5403677347108333,0.5705792035542779,0.5729073057081044,0.5355002305209774,0.4698692195914181
0.5318821720099373,0.500647614272583,0.4537577698248258,0.4694531658817373,0.629497590281904,0.4836110515149348,0.4561127940461498,0.5451360040458043,0.5742380190127732,0.5768347478781827,0.5398142659553448,0.4750406017608343
0.5306991600615166,0.5005640511406367,0.4541883055727471,0.4698456305599163,0.6283092361523733,0.4837540823380772,0.4570103594001272,0.5467976736625366,0.575152722877397,0.5778332501248128,0.5406704867285781,0.4762372852380546
0.5246657991245712,0.497973594050305,0.4535963189193552,0.4735740450026165,0.6256684491978609,0.4820138739898448,0.4529339167508134,0.542318390347867,0.5719512593512136,0.5745049093027125,0.5369162879536323,0.4719206769809385
0.519046492369573,0.4971588535138296,0.4551031940370799,0.475765306122449,0.6206509539842873,0.4822284202245584,0.4503160178017129,0.5390672976194777,0.5691091437718468,0.5720752205025794,0.5345452150431403,0.4685870587229678
0.5232461847864665,0.4991643686805381,0.4558028146274521,0.4730180533751962,0.6221694064831319,0.4836825669265061,0.4521485470660832,0.5413069392768125,0.5708732155107642,0.5742053586287236,0.5366528354080222,0.4700829130694931
0.5305217082692536,0.5015459179410043,0.4555606382692463,0.4691588173731031,0.6265267049580775,0.48492216739374,0.4558884027076555,0.5446302785102771,0.5734866551239751,0.5777333999001497,0.5402094447737602,0.474057611761689
0.5312906660357269,0.5027366925712375,0.4567177030917849,0.4679814233385662,0.6255364098501353,0.4861379293904503,0.4576461348591945,0.5462558248744717,0.5759367547613603,0.5795307039440838,0.5415267075018112,0.4776904008889648
0.5230687329942032,0.4989345700676861,0.4555875467534914,0.473246991104134,0.6223674655047203,0.4834441822212686,0.453120909532892,0.5416320485496514,0.5718859233608834,0.5741387918122816,0.5363235197260094,0.4710659030686384
0.5197562995386253,0.4964276761093005,0.453865403761806,0.4761250654107797,0.6225655245263088,0.4812748814036092,0.4496054452298142,0.5384893255788752,0.5680637679265624,0.5705109003161923,0.5328657050648752,0.4670912043764424
0.5246066485271501,0.4983914097100359,0.454161397088502,0.473246991104134,0.62494223278537,0.4825144818708432,0.4509517932607801,0.5395368999024672,0.5694684917186632,0.5720086536861374,0.5348086675887506,0.4684588426361228
0.5289837927363067,0.5019010612517757,0.4567177030917849,0.4692896389324961,0.6242820360467418,0.4856611599799757,0.4547664460151838,0.5435465809341473,0.5731273071771585,0.5766017640206357,0.539254429295923,0.4726899735020087
0.5312315154383059,0.5024233308264393,0.4563140758281086,0.4682430664573522,0.6259985475671749,0.4857803523325943,0.4561501926025656,0.546111331864321,0.573944007056287,0.5782326510234648,0.5410656655469933,0.4746986921959142
0.5270318230214126,0.4997910921701345,0.4548879261631193,0.4714809000523287,0.6254043705024096,0.4836348899854585,0.4529713153072292,0.5407650904887477,0.5706445395446081,0.5747378931602595,0.5384311400908911,0.4706385161124883
0.5208801608896251,0.4967828194200718,0.4537846783090708,0.4755363683935112,0.6233577606126625,0.4814417506972753,0.4499794307939714,0.5370805187299065,0.5674757440135899,0.5708770178066234,0.5342817624975302,0.4666638174202923
0.5253164556962026,0.4985376451909417,0.4539999461830315,0.4729526425954998,0.6255364098501353,0.4825144818708432,0.4513257788249374,0.5394646533973919,0.5692398157525073,0.5725079048094525,0.5354014358163737,0.4692281391571929
0.5327694309712528,0.5040737026823765,0.4577671339773431,0.4665423861852433,0.6250742721330955,0.4873536913871606,0.4544672575638581,0.5439439367120615,0.5749567149064062,0.5796971209851888,0.5421853388658368,0.4767501495854346
0.5322962261918845,0.508147405364753,0.4632026477948497,0.4635007849293563,0.6181422063775005,0.4920737085508594,0.4565615767231385,0.5460029621067081,0.5801182581424978,0.5853885837909801,0.5479483633010604,0.4821779639285409
0.5305217082692536,0.5090039274672015,0.4651400586604957,0.4633045525902669,0.614775203010497,0.4934325013707121,0.4522607427353305,0.540187118448145,0.5783215184084153,0.5845232151772342,0.5467957584140157,0.4804256774083256
0.5283331361646753,0.509672432522771,0.4669967440734064,0.4633699633699634,0.6112761602957681,0.4946482633674223,0.4464265679344778,0.5349492468301846,0.5752507268628925,0.5827924779497421,0.5444246855035237,0.4772630139328148
0.5342481959067786,0.5127224868388067,0.4682345343486801,0.4593799058084773,0.613058691490064,0.4969129180671768,0.4480347058603538,0.5379474767908102,0.5788768743262226,0.5859211183225163,0.5482447474148718,0.4810240191469357
0.5476162309239323,0.5175064761427258,0.4682883513171703,0.4519230769230769,0.6204528949626988,0.4996781806479296,0.4518867571711732,0.5438716902069862,0.5852798013785895,0.5916458645365285,0.5540736349864981,0.487306607402342
0.5506329113924051,0.518279435113228,0.4679385410219843,0.4504840397697541,0.6225655245263088,0.4999642422942144,0.4485956842065897,0.5424628833580176,0.5867825291561858,0.5936428690297887,0.5565105710333926,0.4908966578340029
0.5432982373121968,0.518049636500376,0.4709791997416785,0.4526753008895866,0.614775203010497,0.5011800042909247,0.4392460451026591,0.5346602608098834,0.5846264414752868,0.5918788483940756,0.5556543502601593,0.4899564065304727
0.550573760794984,0.5225202640594969,0.4734547802922262,0.4471807953950811,0.6157654981184393,0.5048272902810556,0.4263061445828192,0.5229924502402197,0.5806736140603052,0.5903810950241304,0.5552921030099454,0.4926062056586033
0.5587956938365077,0.5269908916186178,0.4754460081263622,0.4413919413919414,0.6179441473559121,0.5082600300364728,0.4176670780507873,0.5161290322580645,0.5767534546404888,0.5888167748377433,0.556082460646776,0.495640653047269
0.5742931503608186,0.5317748809225369,0.4745311196620294,0.4333791208791209,0.6276490394137453,0.5105723616772748,0.4197987957664834,0.5191633854712279,0.5777334944954428,0.5910467631885504,0.5592768227623,0.5013248995640653
0.5883118419496036,0.5291635330492186,0.4648171568495546,0.431547619047619,0.6473889218987257,0.5048034518105319,0.4244736153184487,0.524329010584113,0.5769167946163145,0.5897819936761524,0.5584864651254693,0.5017522865202154
0.5832840411688158,0.5206609843736943,0.4561526249226381,0.4395931449502879,0.6552452630884003,0.4961024100693699,0.4233142600695613,0.5225228479572301,0.5720819313318741,0.5843900815443501,0.5528222353948495,0.4954696982648089
0.5895540044954454,0.5175273669257123,0.4492371444716519,0.4403126635269493,0.6672608437314319,0.4912632005530525,0.4263435431392348,0.525701694180544,0.5711998954624155,0.5815942752537859,0.5504511624843575,0.4934609795709035
0.5874245829882881,0.5170050973510487,0.4495600462825929,0.4413265306122449,0.6656103518848616,0.4910963312593864,0.4324021092785819,0.5309395657985045,0.572506615269021,0.5808953236811449,0.5505828887571627,0.4941447987007437
0.5865373240269727,0.5190315033007437,0.4525737965180421,0.4399529042386185,0.6614511124315046,0.4935755321938544,0.4361045663637384,0.5336849329913665,0.572735291235177,0.5806956232318189,0.5511756569847857,0.4970937686981793
0.5755944635040814,0.5167544079552102,0.4546188413206684,0.4447933019361591,0.6528025351554763,0.4931941166654747,0.4389468566513333,0.5330708376982264,0.5722126033125348,0.5796305541687469,0.55051702562076,0.4952132660911189
0.5515793209511416,0.5106542993231387,0.4576864085246079,0.456174777603349,0.6356374199511454,0.4910724927888626,0.4448558285650174,0.5350576165877976,0.5722126033125348,0.5789981694125479,0.5474214582098399,0.4885032908795623
0.5289246421388856,0.5038856856354976,0.4592740090950676,0.4677524856096285,0.6211130917013269,0.4879258146797302,0.4494184524477355,0.5355633421233248,0.5702851915977917,0.5753369945082376,0.5413620496608049,0.4793144713223352
0.5288654915414646,0.5000835631319462,0.4544304819309528,0.4707613814756672,0.626988842675117,0.4835872130444111,0.4542802647817794,0.5397175161651555,0.5700565156316357,0.5729073057081044,0.5371138773628401,0.473801179587999
0.5284514373595174,0.4989345700676861,0.4531119662029437,0.4717425431711146,0.6283752558262361,0.4823476125771771,0.4613111933879352,0.5467254271574613,0.5718532553657182,0.5737393909136295,0.5376407824540604,0.4717497221984785
0.5236602389684136,0.4970335088159104,0.4528428813604929,0.4745552066980639,0.6260645672410378,0.4811556890509905,0.4625079471932384,0.5470866596828379,0.5711018914769201,0.5727741720752204,0.5362905881578081,0.4687580135054278
0.5179817816159944,0.4935238572741706,0.450905470494847,0.4788723181580325,0.6252063114808212,0.4782950725881428,0.4577583305284416,0.5422461438427916,0.5659403482408284,0.5673822599434182,0.5309556741092011,0.4623899478587914
0.5097006979770496,0.490787164702933,0.4511476468530528,0.4833202511773941,0.6203208556149732,0.4768409258861951,0.454205467668948,0.5379836000433479,0.5610728169612231,0.562356465302047,0.5267075018112363,0.4573895204718352
0.5146101975629954,0.4922077379460182,0.4507440195893765,0.4808673469387755,0.6235558196342509,0.4774607261198122,0.4557762070384083,0.5393201603872413,0.561530168893535,0.5629555666500249,0.527267338470658,0.4593127617745106
0.5237785401632556,0.4961560959304755,0.4516589080537093,0.4752420198848771,0.6275830197398824,0.48013063481847,0.4605632222596208,0.5446302785102771,0.5662343601973148,0.5672491263105341,0.5317131001778305,0.465509872638687
0.5256713592807287,0.4960934235815158,0.4507440195893765,0.4747514390371534,0.6297616689773552,0.4796777038785191,0.4619843674034183,0.5465448108947729,0.5674430760184248,0.5684140455982692,0.5333267470196931,0.4674331139413625
0.5164438660830475,0.4920615024651124,0.4497214971880634,0.4804748822605966,0.6258004885455866,0.47693627976829,0.4575339391899473,0.5416681718021891,0.5637189245695992,0.564386753203528,0.5292432325627346,0.4621335156851013
0.5128948302377855,0.4911631987966909,0.4501789414202298,0.4821428571428572,0.6232917409387997,0.4766263796514816,0.4534948950970493,0.5378391070331973,0.5610074809708928,0.5621567648527208,0.5254890337877889,0.4578596461236003
0.5109428605228914,0.4914138881925294,0.4513898232112585,0.4825026164311879,0.62071697365815,0.477293856826146,0.4556640113691612,0.5382725860636492,0.5625755447388194,0.5652188384090531,0.5266416386748337,0.4583297717753655
0.5184549863953626,0.4966783655051391,0.4547264752576487,0.4762885923600209,0.6207829933320129,0.4817754892846074,0.4633681139907999,0.5468699201676119,0.5713632354382412,0.5723414877683474,0.5321082789962458,0.4630310282930165
0.5156749083165739,0.4965739115902063,0.4558566315959422,0.4771389324960754,0.6178781276820492,0.4822284202245584,0.4746998765847638,0.5590795795253405,0.5827970337460391,0.5789981694125479,0.5341500362247251,0.4623899478587914
0.4991718916361055,0.4915601236734352,0.4569329709657456,0.4856096284667713,0.6073809995378623,0.4798445731721853,0.4809828340626052,0.5657985044973449,0.5868151971513508,0.581527708437344,0.5314167160640191,0.4534148217796393
0.5045545960014196,0.4959054065346369,0.4600812636224202,0.4807365253793825,0.6065227437776456,0.4837064053970297,0.4633681139907999,0.5453527435610303,0.575152722877397,0.58372441337993,0.5414608443654088,0.4628173348149415
0.5185732875902047,0.5084607671095512,0.4698759518876302,0.4670329670329671,0.6022974846504258,0.4952203866599919,0.4297842103294813,0.5067369865982734,0.5583287053673517,0.5931769013146946,0.5710992557465586,0.5016240704333704
0.5362001656216727,0.5222486838806718,0.479589914700105,0.4513670852956568,0.6001848550868158,0.5074018450976185,0.3981824301581959,0.466893039049236,0.5396099441377283,0.6005991013479779,0.6032404663110057,0.5454739721343705
0.5649473559682953,0.5259881340352636,0.4713559185211097,0.4404761904761905,0.626328645936489,0.5058761829840998,0.3754441078574367,0.4440270201928982,0.5105027604455915,0.5862539524047262,0.6127906210893762,0.5784255064535431
0.5856500650656571,0.5204729673268154,0.4548341091946291,0.4390698587127159,0.6581501287383639,0.4954110944241818,0.3631773813530798,0.4378499440089585,0.4787494691450786,0.5491429522383091,0.5852598300731081,0.582357466450124
0.5948184076659174,0.524128854349461,0.4553722788795307,0.4337061747776033,0.6626394665610351,0.4977234260649837,0.3511350461872172,0.4289636238846946,0.4436640423377218,0.5052421367948077,0.5378713034314694,0.5657321138558851
0.6081272920856501,0.5475056405114064,0.4794284637946345,0.4116954474097331,0.6405228758169934,0.5217287658823809,0.3153820262537866,0.3874941299714626,0.3953807454836497,0.4776834747878182,0.519199104261345,0.5795367125395333
0.630722820300485,0.5832915517673603,0.5152436563248393,0.3774529042386185,0.609229550406021,0.5580109180194999,0.2537492052806762,0.3127912437235848,0.3406618535820457,0.4686636711599267,0.5342488309293288,0.6286007351055646
0.6227966402460665,0.5915225202640595,0.5294513360062428,0.3732012035583464,0.5873770383574304,0.5690004529309399,0.1976513706570926,0.2328143626052089,0.2322367776289569,0.3822266600099849,0.4704603833234538,0.6189845285921873
0.529634449307938,0.5434110470460433,0.5098350509915777,0.4366169544740974,0.5594507163134613,0.5328613316169635,0.2423800441302966,0.2508398656215005,0.1423671229296658,0.2450990181394574,0.3280313508529277,0.5036327891272758
0.4430379746835443,0.4988718977187265,0.4918870920001076,0.4954212454212455,0.5331088664421997,0.4995113113542635,0.3294438834660982,0.3336704836903515,0.162980627878867,0.2135130637377267,0.2750444576170718,0.4231558252842123
0.3902756417839821,0.480153756162781,0.4917794580631273,0.5246598639455783,0.5038621509209744,0.4887839996185845,0.4168443098096414,0.4258931474189936,0.2527196105974977,0.2787818272591113,0.3114997036158862,0.3937516027010855
0.3682124689459364,0.4634202389905574,0.480262626806232,0.5438579277864993,0.5056446821152702,0.4741233402464898,0.510116309510453,0.5234981757757469,0.3367743621573944,0.3414212015310367,0.3457156029770137,0.3618257970766732
0.3611143972554123,0.4496741037854098,0.4657858622823776,0.5565803244374674,0.5194427939525978,0.4598679348732986,0.5625864841617114,0.5830654192103457,0.3850903270066316,0.3804293559660509,0.3715998155832181,0.352209590563296
0.3685673725304625,0.4457257458009526,0.4573096897451767,0.5576268969126114,0.5339671222024163,0.4538606403013183,0.5617637159205655,0.590217823212802,0.4068798797817778,0.4059577300715593,0.3921491141408154,0.3540046157791264
0.3906896959659293,0.4453288209242082,0.4467077469526141,0.5518053375196234,0.5593186769657357,0.4489499153734297,0.5528254609372079,0.5899649604450384,0.4305315082813368,0.4303211848893326,0.4119739181979845,0.3631506966407385
0.4210931030403407,0.4481699674103785,0.4365632483922181,0.5411760858189429,0.5887634515085495,0.4460654604400581,0.5436628146153559,0.587689195535166,0.4551305086406847,0.4545847894824429,0.4329842587103998,0.3784511496709121
0.4462912575417012,0.4537686972507729,0.432311707881495,0.5298273155416012,0.6080411962764903,0.4473765763188633,0.5375294513631774,0.5868583607267999,0.4759400215608769,0.4759527375603261,0.452446815517355,0.395632105308146
0.4637406837809062,0.4599314782318041,0.432311707881495,0.5201792255363685,0.6177460883343235,0.4509046699563756,0.5319944650136506,0.5879420583029296,0.4958674986116103,0.4954568147778332,0.4706579727326615,0.4103342165997094
0.4769904176032178,0.4669089997493105,0.4352716411484542,0.5110544217687075,0.6215092097445037,0.4561968104126439,0.5233179999252029,0.5867861142217246,0.5142595798895822,0.5127641870527542,0.4850161364684187,0.4201213778955466
0.4860404590086359,0.4744087908414807,0.4408416973871862,0.5026818419675563,0.6197926982240707,0.4629192591003361,0.5150155204009126,0.5852328143626052,0.5304302374963249,0.5272757530371109,0.4974972008167029,0.4281135139755535
0.4966284159470011,0.4827442132531127,0.4467077469526141,0.4932299843014129,0.6184723047468145,0.4702853464921691,0.5039455477018587,0.5792363544413539,0.5451635033158015,0.5419870194707938,0.5096489494829743,0.4414479870074365
0.5113569147048385,0.4942759254616863,0.4548879261631193,0.4801151229722658,0.6166897735525185,0.480488211876326,0.4836007330117058,0.5646786836686776,0.5576753454640488,0.5580629056415377,0.5241388394915366,0.456620223950765
0.5159115107062582,0.500229798612852,0.4604848908860964,0.4742281527995814,0.6123324750775729,0.4863524756251638,0.4656120273757433,0.549506917602861,0.5643396164777369,0.5678149442502911,0.5349733254297571,0.465381656551842
0.5169170708624157,0.500229798612852,0.46002744665393,0.4739338042909471,0.6134548095332408,0.4861617678609741,0.4559258012640712,0.5415236787920384,0.5642089444970763,0.5693459810284572,0.5369492195218336,0.4643131891614668
0.5143735951733113,0.4996866382552017,0.4604848908860964,0.4750784929356358,0.6114742193173565,0.4860664139788792,0.4494184524477355,0.535960697901239,0.5613994969128745,0.5672491263105341,0.5346440097477442,0.4599538422087358
0.5181000828108364,0.5031545082309684,0.4632295562790948,0.4713173731030874,0.6101538258401004,0.4892607690290591,0.448408691424511,0.535852328143626,0.5640456045212505,0.5702779164586453,0.5383982085226899,0.4643986665526968
0.5298119011002012,0.5078340436199549,0.463956085353712,0.4644165358451073,0.615831517792302,0.4922405778445255,0.4512883802685217,0.5400065021854568,0.5691418117670118,0.5759360958562156,0.5440624382533097,0.4720488930677836
0.5311132142434639,0.5089621459012283,0.4648171568495546,0.4631737310308739,0.615501419422988,0.493265632077046,0.4515501701634317,0.5396091464075425,0.5712325634575807,0.5785987685138958,0.5463676480273991,0.4774767074108898
0.5224772270199929,0.506998412300493,0.4662163980302989,0.4670983778126635,0.6089654717105697,0.4927650241960476,0.4466135607165564,0.5346602608098834,0.5676064159942505,0.5760692294890997,0.5442600276625172,0.4733310539362338
0.5211759138767302,0.5067268321216679,0.4664854828727497,0.4676543694400837,0.6079091569287647,0.4927173472550001,0.4428737050749841,0.5313369215764188,0.5647316324197185,0.5733399900149775,0.5423170651386419,0.4690999230703479
0.5245474979297291,0.5086070025904571,0.4673465543685924,0.4652668759811617,0.6087013930151184,0.4941953324274714,0.444369647331613,0.5324928656576239,0.5664957041586358,0.5752038608753536,0.5441283013897121,0.4710659030686384
0.5291612445285697,0.5117824016044121,0.4693377822027286,0.4615057561486133,0.608833432362844,0.4968890795966531,0.4470997419499607,0.53502149333526,0.5704811995687824,0.5787651855550009,0.5473555950734375,0.4755962048038293
0.5281556843724122,0.5118659647363583,0.4699297688561203,0.4617019884877028,0.6075790585594506,0.4971751412429378,0.4494184524477355,0.5367192862045299,0.5718532553657182,0.5804293559660508,0.5487387209378911,0.4787588682793401
0.5256122086833077,0.5084607671095512,0.4666738422624653,0.4650706436420722,0.6101538258401004,0.493790078428568,0.4451924155727589,0.5320955098797095,0.5682597758975532,0.5767348976535197,0.5451162484357506,0.4758526369775194
0.5280373831775701,0.5078967159689145,0.4648171568495546,0.4648744113029828,0.6137849079025549,0.4926458318434289,0.440741987359288,0.5277968428277282,0.5646009604390578,0.5732734231985355,0.5424817229796484,0.4732455765450039
0.5279190819827281,0.5094008523439458,0.4668352931679359,0.4637297226582941,0.6112761602957681,0.494409878662185,0.4405549945772093,0.5279774590904165,0.5653849923230211,0.5748710267931435,0.54458934334453,0.4761945465424395
0.5349580030758311,0.5127224868388067,0.4679116325377391,0.4591836734693877,0.6138509275764177,0.4967937257145581,0.4435468790904671,0.5328902214355381,0.5691091437718468,0.5788983191878847,0.5487057893696897,0.4815368834943157
0.5374423281675145,0.5140594969499457,0.4684767107068859,0.4574175824175824,0.6145771439889086,0.4977949414765549,0.4454168069112532,0.5342990282845068,0.5705792035542779,0.5803627891496089,0.5512415201211882,0.4846140695785965
0.5309357624512008,0.5119704186512911,0.4687727040335818,0.4608516483516484,0.6105499438832771,0.4967222103029869,0.4406297916900408,0.528880540403858,0.5667897161151221,0.5771010151439507,0.5476519791872488,0.4787588682793401
0.5211167632793091,0.5091710537310938,0.4696337755294245,0.4657574568288854,0.6040139961708588,0.4955302867768004,0.4332248775197277,0.5216558898963263,0.5613668289177094,0.5728407388916625,0.5431074227754725,0.4722198478502436
0.5234827871761505,0.5111765688978023,0.471113742162904,0.4635334903192046,0.6035518584538192,0.4973181720660803,0.4330378847376491,0.5223061084420041,0.5613014929273791,0.5733067066067565,0.5436013962984918,0.4742285665441491
0.5346030994913049,0.5158978858527618,0.4721631730484621,0.4567634746206175,0.6084373143196673,0.5004886886457365,0.4374883129511201,0.5274356103023516,0.5646989644245533,0.5771342985521717,0.5466640321412105,0.4804684161039405
0.533124334555779,0.5153129439291385,0.472109356079972,0.4576465201465202,0.6076450782333134,0.5001311115878806,0.4386102696435918,0.527182747534588,0.5640456045212505,0.5777001164919288,0.5488704472106962,0.4829045217539961
0.5269726724239915,0.5134745550263223,0.4725129833436483,0.4607862375719519,0.6037499174754076,0.4992490881785024,0.4334492688582221,0.5208611783404977,0.5585900493286727,0.5718089532368115,0.5449845221629455,0.47841695871442
0.5220040222406247,0.5126807052728336,0.473750773618922,0.4627812663526949,0.5994586386743249,0.4993444420605974,0.4276898911702008,0.5148647184192465,0.5539838620103885,0.5665168913296722,0.5411973918197984,0.4755962048038293
0.5217674198509406,0.5141430600818919,0.475715092968813,0.4617019884877028,0.596949891067538,0.5010369734677823,0.4277646882830323,0.5137087743380414,0.553134494136095,0.566550174737893,0.5413949812290061,0.4766646721942046
0.533124334555779,0.5190106125177572,0.4768452493071065,0.4547684458398744,0.601835346933386,0.5043266824000573,0.4301955944500543,0.5161651555106022,0.5556172617686453,0.5692128473955732,0.5446552064809327,0.4820497478416959
0.5378563823494618,0.5222904654466449,0.4789172025939779,0.4508765044479331,0.6019673862811117,0.5071157834513338,0.4295224204345713,0.5159122927428386,0.5555845937734801,0.5699117989682143,0.5457748797997761,0.4847850243610564
0.5301668046847273,0.521183253948358,0.4809891558808493,0.4538526949241235,0.5951673598732421,0.5074018450976185,0.4248849994390217,0.5114691326807066,0.5499003626147464,0.564253619570644,0.5408022130013831,0.4803402000170955
0.5215899680586774,0.5191150664326899,0.4822538546403681,0.4578754578754579,0.5887634515085495,0.5067820448640016,0.4163207300198213,0.5015352382328505,0.5422233837509393,0.5562656015976035,0.5340183099519199,0.4736729635011539
0.5193422453566782,0.5202849502799365,0.4847563436751608,0.4575811093668236,0.5844721727074668,0.5085460916827577,0.4142638094169565,0.4985370082722248,0.5387932442585999,0.5531702446330503,0.5315155107686228,0.4723908026327036
0.5283922867620963,0.5249018133199632,0.4866130290880715,0.4514652014652014,0.5872449990097048,0.5120265083792225,0.415273570440181,0.4993678430805909,0.5377805364084807,0.5538026293892494,0.5333596785878945,0.4774767074108898
0.5233053353838873,0.5263641681290214,0.4907838441460593,0.4517268445839875,0.5792566184723046,0.5146964170778803,0.4143012079733723,0.4970559549181808,0.5345464048871321,0.5525045764686304,0.5336560627017058,0.4807248482776306
0.5154383059268899,0.5255076460265731,0.4932594246966068,0.4545722135007849,0.5718624149996698,0.5152923788409736,0.4089906129623397,0.4898674276631868,0.5274901179314626,0.546380429355966,0.5284858064941053,0.4775621848021198
0.5124807760558382,0.5259672432522771,0.4951968355622528,0.4550300889586605,0.5678352148940383,0.516412786955589,0.399117394068589,0.4784163566087491,0.5162849955898208,0.5367948077883175,0.5205163669893961,0.4710659030686384
0.5109428605228914,0.5280981031169047,0.4986142130613782,0.453787284144427,0.5627517000066018,0.519154211065818,0.394928755750028,0.4732507314958639,0.5090980366534906,0.5320019970044931,0.517190278601067,0.4721343704590136
0.5151425529397847,0.5326522938079719,0.5025966687296505,0.4490450026164312,0.560242952399815,0.5235166511716609,0.3944799730730394,0.4713000758588303,0.5048185292868578,0.5297387252454651,0.5159059474412171,0.4753397726301394
0.513841239796522,0.5348040444555862,0.5059602292602857,0.4477367870225013,0.555357496533967,0.5262342368113662,0.3908523131007143,0.4674710110898386,0.4979255823070138,0.5245132301547678,0.5135678060989265,0.4768783656722797
0.5058559091446824,0.5336341606083396,0.5081129079998924,0.4508437990580848,0.5482933914306463,0.526520298457651,0.3820262537866039,0.4576816096521331,0.4854464081539316,0.5140289565651522,0.506289929526444,0.4719634156765536
0.5001774517922631,0.5343862287958552,0.5116379194359982,0.4518249607535322,0.5408331682841486,0.5284988915111207,0.3714424623209544,0.4442798829606618,0.4717911861749044,0.5027791645864536,0.4979582427715208,0.4663219078553723
0.4928427777120549,0.5361201637837386,0.5172079756747303,0.4524790685504971,0.529873902422922,0.5319793082075854,0.3663936572048319,0.4359715348770003,0.4605533958380974,0.4943251788983192,0.4912072712902589,0.4629028122061715
0.49485389802437,0.5409250438706442,0.5224820385867663,0.4481619570905285,0.5245263088400343,0.5370330639586164,0.365570888963686,0.4329733049163747,0.4542158047760609,0.4894990847062738,0.4878811829019298,0.4658090435079921
0.4930793801017391,0.542408289462689,0.5251997954955198,0.4475078492935636,0.5202350300389516,0.5390831724236573,0.3601480982834062,0.4257486544088429,0.4443174022410245,0.4822100183058744,0.4821510900349074,0.4650397469869219
0.4844433928782681,0.540799699172725,0.5270564809084304,0.4511708529565673,0.513104905261768,0.5389878185415624,0.3513594375257115,0.414008597334104,0.4291267844892359,0.4705608254285238,0.474280445234802,0.4592272843832806
0.4757482550573761,0.5409668254366173,0.5312003874821731,0.4534275248560963,0.5032019541823463,0.5409187346539845,0.3407008489472306,0.400787486905321,0.4130541308679886,0.4579796971209851,0.464664427320029,0.452047183519959
0.4765763634212706,0.5442884599314782,0.5351290261819552,0.4505821559392988,0.4987786360335379,0.5445660206441154,0.3366992034107484,0.3938518224180905,0.4030577243474568,0.4498585455150607,0.4592965817032207,0.4518334900418839
0.4803620016562168,0.5481114732180162,0.53833113580712,0.4465593929879645,0.496996104839242,0.5481656296931989,0.3363626164030068,0.3908897157100026,0.3956420894449707,0.4448993176901314,0.4567937825199236,0.4542268569963245
0.477404471785165,0.5482368179159355,0.5398380109248446,0.4472789115646259,0.493497062124513,0.5489046222794346,0.331762593963873,0.3841707907379981,0.3872464146875306,0.4382093526377101,0.4508661002436936,0.4526882639541841
0.4699514965101147,0.5462939750981867,0.5407259909049323,0.4508765044479331,0.4882154882154881,0.5481894681637226,0.3263024047271775,0.3765849077050898,0.376825324229852,0.4280911965385255,0.4420075083975499,0.4451662535259424
0.4580622264284869,0.5426798696415142,0.5414794284637947,0.456959706959707,0.4806892453951277,0.546473098286014,0.3203934328134934,0.3694325037026334,0.3668942536996505,0.4170411050091528,0.4338075479154317,0.439054620052996
0.4593043889743287,0.5424291802456755,0.540618356967952,0.456828885400314,0.4824057569155607,0.5459486519344919,0.3202812371442463,0.3678430805909765,0.361536702492568,0.4119487435513396,0.4296581703220707,0.4376869817933157
0.4672305690287472,0.5451032004679535,0.5404299975782364,0.4525444793301936,0.4870931537598203,0.5473789601659157,0.3238714985601556,0.3712747895820539,0.3633334422266505,0.4135463471459477,0.4304485279589014,0.4416616804855116
0.4698923459126938,0.5461477396172808,0.5405914484837069,0.4509746206174778,0.4884135472370766,0.5480464373405802,0.3259658177194361,0.3736228009970018,0.3656855378785404,0.4156099184556498,0.4323585589145755,0.4446106504829472
0.4639772861705903,0.5436617364418818,0.5400801872830504,0.4545722135007849,0.4857067406087013,0.5464015828744427,0.3229365346497625,0.3703717082686125,0.3627454183136781,0.4126476951239806,0.4293947177764605,0.4406359517907514
0.4585945818052763,0.5406952452577922,0.5386809461023061,0.4583987441130299,0.4843863471314451,0.5440892512336408,0.3200568458057519,0.3662175342267818,0.3574858710920911,0.4072557829921784,0.4243891194098663,0.4321736900589794
0.4609014551046965,0.5395671429765188,0.5361515485832683,0.4586276818419676,0.4888096652802534,0.5423252044148847,0.3234227158831669,0.3688906549145685,0.3576492110679168,0.4071226493592944,0.4234011723638279,0.430293187451919
0.4682361291849048,0.53992228628729,0.5332992492532896,0.4563383045525903,0.4964019277744767,0.5412524732413169,0.3349414712592094,0.3813893002925984,0.3673189376367972,0.4147112664336827,0.427550549957189,0.4344815796221899
0.472140068614693,0.5369766858861871,0.5277561014988026,0.4575484039769754,0.505380603419819,0.5371284178407113,0.3444781031452186,0.3933099736300257,0.3775440201234851,0.4223997337327341,0.4313376803003359,0.4372168561415506
0.4690642375487993,0.530208072198546,0.52038317681565,0.4636970172684459,0.512708787218591,0.5300007151541157,0.3478439732226336,0.3981143662175342,0.3822482114272647,0.4231319687135962,0.4292300599354541,0.4308915291905291
0.4707796048740092,0.525695663073452,0.5138175066598498,0.4667713239141811,0.5216874628639334,0.5245178669336575,0.3497139010434198,0.4030993750677311,0.3880957825618242,0.4242636045931103,0.4274188236843839,0.4256774083254979
0.4754525020702709,0.5237528202557031,0.5091892473696957,0.4669675562532706,0.5300059417706475,0.521371188824525,0.360185496839822,0.4154535274356103,0.4004116167390807,0.4331502745881178,0.4330501218468023,0.4265749209334131
0.4889388382822667,0.5237737110386897,0.5030810214460619,0.4632391418105704,0.5449924077375058,0.5186774416553434,0.3726018175698418,0.4314922515623307,0.4180850021234197,0.4485937760026626,0.4442468550352367,0.4343106248397299
0.4979888796876849,0.5232723322470126,0.4983182197346823,0.4611459968602826,0.5559516735987323,0.5162697561324465,0.3867010733385692,0.4483618104974172,0.4355297115416027,0.4625062406390414,0.4541921886320226,0.4398239165740661
0.4902401514255294,0.5174646945767527,0.4943626725506553,0.467817896389325,0.5564798309896348,0.5111921619108918,0.3936198062754777,0.4584401979554239,0.4475842017575382,0.4699950074887668,0.4585062240663901,0.4372168561415506
0.4873417721518988,0.5119913094342775,0.4886311654064527,0.4729199372056515,0.5618934442463853,0.5055424443967675,0.3963125023374098,0.4632445905429325,0.455424520597171,0.4754202030287901,0.4607785022722782,0.4325583383195145
0.5023068732994204,0.51330742876243,0.483518553399887,0.4677197802197803,0.5764837921700666,0.5040167822832488,0.4036800179513071,0.4737564570313911,0.4697331024795009,0.4873023797636877,0.4702957254824474,0.4379861526626207
0.5136046374068378,0.5136207905072282,0.4787826601727525,0.4643511250654108,0.5886314121608239,0.5021097046413503,0.4162085343505741,0.4888559765921323,0.4871451439025188,0.5017473789316026,0.4816900480800896,0.4462774596119326
0.522595528214835,0.5137461352051474,0.4748540214729705,0.4618001046572475,0.5984023238925199,0.500441011704689,0.4258573619058305,0.5012823754650869,0.5024664336349679,0.5144283574638042,0.4920634920634921,0.4526455252585691
0.5251981545013605,0.5113019135957215,0.4705217555095122,0.4629774986917844,0.6052023503003895,0.4971274643018904,0.428475260854931,0.5070259726185746,0.5107967724020778,0.5203195207189216,0.495257854179016,0.4505940678690486
0.5181592334082574,0.5082309684966992,0.4697683179506498,0.4673273155416013,0.602231464976563,0.4950535173663258,0.4285874565241782,0.5089043817505329,0.5154356277155271,0.5245132301547678,0.4962128696568531,0.447687836567228
0.5198154501360464,0.5083563131946186,0.4692032397815031,0.4667713239141811,0.6038159371492704,0.4948628096021359,0.4324769063914133,0.5142506231261063,0.5234719545261507,0.5312031952071892,0.5012184680234473,0.4490127361312933
0.5292795457234118,0.5099857942675692,0.4669698355891613,0.4628793825222397,0.6118703373605334,0.4947912941905647,0.4405175960207936,0.5243651338366507,0.5360491326647284,0.5419537360625727,0.5108674175064216,0.4555090178647748
0.5368508221933042,0.5109049887189772,0.4647095229125743,0.4600667189952905,0.6188684227899913,0.4943145247800901,0.4465013650473092,0.5328179749304628,0.5465682271079024,0.5516392078548843,0.5186721991701245,0.4630310282930165
0.5308174612563588,0.5072491016963315,0.4627452035626833,0.4646127681841968,0.6178781276820492,0.4913585544351475,0.4462021765959834,0.5314814145865694,0.5486589787984711,0.5537360625728074,0.5183428834881117,0.4603384904692709
0.5289837927363067,0.5047630985209326,0.4603772569491161,0.4670329670329671,0.6197926982240707,0.4889031919712031,0.4438834660982086,0.5310118123035799,0.5489529907549574,0.5529372607755033,0.5171244154646645,0.4560218822121548
0.5347805512835679,0.5062463441129774,0.4596507278744988,0.4642857142857143,0.6238859180035651,0.4894276383227252,0.4453794083548376,0.5343712747895821,0.5533631701022509,0.5562323181893826,0.520384640716591,0.456363791777075
0.5438897432864072,0.5088159104203225,0.4588165648629012,0.4597723704866562,0.6299597279989436,0.4905242079668169,0.4509517932607801,0.5414875555395008,0.5619548528306818,0.565185555000832,0.5278271751300797,0.4629882895974015
0.5462557671832485,0.5094217431269324,0.4585205715362054,0.4586276818419676,0.6316762395193768,0.4907387542015304,0.4563371853846442,0.5477368782285157,0.568194439907223,0.5708104509901814,0.5330303629058816,0.4677322848106676
0.5452502070270909,0.5083563131946186,0.4576056830718725,0.4597396650968079,0.6322043969102792,0.4897375384395337,0.4561127940461498,0.5471589061879132,0.5685537878540394,0.5715426859710434,0.5332938154514918,0.4683733652448927
0.5406956110256714,0.5057867468872733,0.4563678927965988,0.4630102040816327,0.6312141018023371,0.4877112684450166,0.4508395975915329,0.541993281075028,0.5650909803665349,0.5683474787818272,0.5285846011987091,0.4626891187280965
0.5393942978824086,0.5060374362831119,0.4572558727766865,0.4631737310308739,0.6293655509341783,0.4882595532670624,0.4507648004787016,0.5423906368529423,0.566299696187645,0.5701447828257613,0.5307910162681947,0.4622189930763313
0.5437714420915651,0.5082727500626724,0.4581976697252644,0.4602302459445317,0.6306859444114346,0.4899282462037236,0.4557014099255769,0.547809124733591,0.5722126033125348,0.5772008653686137,0.5371797404992426,0.4673048978545174
0.5493907488465634,0.5096515417397844,0.4573904151979119,0.4575811093668236,0.6348451838647916,0.4903811771436744,0.4604136280339579,0.5531553661091645,0.5782235144229199,0.582859044766184,0.5411644602515971,0.4714932900247884
0.5426475807405655,0.5061836717640177,0.4559911740171676,0.4621598639455783,0.6327325543011817,0.4877827838565878,0.4571599536257901,0.5500848896434635,0.5757080787952044,0.5791313030454318,0.537344398340249,0.4670057269852124
0.5367325209984621,0.505160023397677,0.4573635067136668,0.4646127681841968,0.6277810787614709,0.4877827838565878,0.4540558734432851,0.5468337969150743,0.5727026232400119,0.5753369945082376,0.5342158993611276,0.4638858022053166
0.5377380811546196,0.5071655385643854,0.4594892769690283,0.4627485609628467,0.6257344688717238,0.4898805692626761,0.4530461124200606,0.5462558248744717,0.5721145993270393,0.5753369945082376,0.534841599156952,0.4631592443798615
0.5482077368981426,0.5106542993231387,0.4592201921265775,0.4571232339089482,0.6318742985409651,0.4917638084340509,0.4570851565129586,0.5512769569772062,0.5774394825389566,0.5813612913962389,0.5407363498649805,0.4686725361141978
0.5536495918608778,0.5122837803960892,0.4588434733471463,0.4543432757718472,0.6353733412556941,0.4925028010202865,0.4601892366954636,0.5547447892208215,0.5815883179249289,0.5854218671992012,0.5452479747085557,0.473843918283614
0.5461374659884065,0.5088785827692821,0.4579016763985685,0.4590855572998431,0.6324024559318676,0.4901427924384371,0.4576835334156102,0.5516381895025828,0.5789095423213878,0.582093526377101,0.5420206810248305,0.4709804256774084
0.5398083520643558,0.5068730676025738,0.4581707612410193,0.4624215070643642,0.6285072951739618,0.4891177382059167,0.452859119637982,0.5458945923490951,0.5736173271046356,0.5766350474288566,0.5372456036356452,0.4664928626378323
0.5394534484798297,0.5084189855435782,0.4603234399806259,0.4613095238095239,0.6256684491978609,0.4909771389067677,0.4525225326302405,0.5456417295813315,0.5737806670804613,0.5768347478781827,0.5370809457946387,0.4669202495939824
0.5449544540399858,0.5100693573995153,0.4599736296854398,0.4584968602825746,0.6291674919125899,0.4917399699635271,0.4590298814465762,0.5517826825127334,0.5789095423213878,0.583191878848394,0.5423170651386419,0.4720488930677836
0.552229977522773,0.5119495278683045,0.459058741221107,0.4549973835688122,0.634383046147752,0.4924074471381916,0.461610381839261,0.5547086659682838,0.5817189899055895,0.5870527542020303,0.5453797009813607,0.4745704761090691
0.543357387909618,0.5095261970418651,0.4599736296854398,0.459347200418629,0.6282432164785106,0.4914539083172424,0.4573843449642844,0.5494707943503233,0.5779295024664337,0.583524712930604,0.5415925706382139,0.4710659030686384
0.5373831775700935,0.5079176067519011,0.4606194333073218,0.462257980115123,0.6241499966990162,0.4908102696131016,0.4528965181943977,0.544955387783116,0.5738133350756265,0.5788650357796639,0.536521109135217,0.4665783400290623
0.5432390867147758,0.5101111389654884,0.4607808842127923,0.4589220303506018,0.6272529213705683,0.4921213854919069,0.4522233441789147,0.5443051692374381,0.5740746790369475,0.5801963721085038,0.5365540407034184,0.4670057269852124
0.5518750739382469,0.5118032923873986,0.4590318327368619,0.4551936159079017,0.6341849871261636,0.4923359317266204,0.4567859680616328,0.5490373153198714,0.5775701545196172,0.584323514727908,0.541032733978792,0.4720488930677836
0.5542410978350882,0.5125762513579009,0.4589511072841267,0.4539508110936682,0.6356374199511454,0.4927173472550001,0.4609746063801938,0.5534443521294657,0.5800202541570024,0.5877849891828922,0.5456760850951723,0.4768783656722797
0.554004495445404,0.5114481490766274,0.4576056830718725,0.4548992673992674,0.6370898527761272,0.4915015852582898,0.4575339391899473,0.5486760827944948,0.5769494626114795,0.5845564985854551,0.5426463808206546,0.4722198478502436
0.5422335265586183,0.5073535556112643,0.4576864085246079,0.4613749345892203,0.6304218657159834,0.4891892536174879,0.4527469239687348,0.543907813459524,0.5725392832641861,0.5787984689632217,0.5374102614766515,0.464911530900077
0.5444812492606176,0.5088159104203225,0.4585474800204504,0.4595761381475667,0.6306859444114346,0.4904050156141982,0.4521111485096675,0.5438716902069862,0.5722126033125348,0.5784656348810118,0.5376737140222617,0.4656808274211471
0.552170826925352,0.5115943845575333,0.4586282054731856,0.4552917320774464,0.6348451838647916,0.4920260316098119,0.4565615767231385,0.5486038362894196,0.5758060827806998,0.583025461807289,0.5428439702298624,0.473886656979229
0.5530580858866675,0.5106125177571655,0.4569867879342357,0.4558150183150183,0.6373539314715785,0.4907387542015304,0.4590298814465762,0.5513853267348192,0.5791055502923785,0.5859544017307372,0.5457090166633736,0.4774339687152748
0.5520525257305099,0.5095261970418651,0.4560180825014127,0.4569270015698587,0.6380141282102065,0.4896898614984863,0.4562623882718127,0.5479174944912041,0.5761980987226815,0.581993676152438,0.5414279127972074,0.4729891443713138
0.5445995504554597,0.5073535556112643,0.4566100691548045,0.4606881214024071,0.6330626526704958,0.4887124842070133,0.4503534163581286,0.5414514322869631,0.5701545196171312,0.5766683308370777,0.5357636830665876,0.4656380887255321
0.543534839701881,0.5077713712709953,0.4576325915561177,0.4606554160125589,0.6312801214761998,0.4894037998522014,0.4490444668835783,0.5408012137412853,0.5696971676848192,0.5769678815110667,0.5358624777711916,0.4647405761176169
0.5458417130013012,0.508377203977605,0.4573635067136668,0.4595434327577185,0.6328645936489072,0.4896421845574388,0.4529713153072292,0.5451360040458043,0.5738460030707916,0.581028457314029,0.5397484028189423,0.469570048722113
0.5535312906660357,0.5104871730592463,0.4565831606705594,0.4557823129251701,0.6380801478840694,0.4905003694962931,0.4576461348591945,0.5508434779467544,0.5776354905099474,0.5840572474621402,0.5435684647302904,0.473929395674844
0.5479711345084586,0.5086905657224032,0.4567984285445201,0.4587257980115123,0.634713144517066,0.4895706691458676,0.4541306705561166,0.5463280713795471,0.5741400150272779,0.5807954734564819,0.5396825396825397,0.4690144456791179
0.5408139122205134,0.5060583270660984,0.4566369776390496,0.4627485609628467,0.6309500231068857,0.4879734916207776,0.4498298365683085,0.5398620091753061,0.5688151318153605,0.5762689299384256,0.5340841730883225,0.4620052995982563
0.545309357624512,0.5074789003091836,0.456475526733579,0.4603937728937729,0.633656829735261,0.4887363226775369,0.4505404091402072,0.5395368999024672,0.5683251118878835,0.5770677317357297,0.5360271356121978,0.4641422343790067
0.5476162309239323,0.5091710537310938,0.4575787745876275,0.4584314495028781,0.6335908100613983,0.4901666309089609,0.4558136055948241,0.5443412924899759,0.5723106072980302,0.5809618904975868,0.5396166765461372,0.4672194204632875
0.5498048030285106,0.5102573744463942,0.4579824018513037,0.4569924123495552,0.6343170264738891,0.4909771389067677,0.4594038670107334,0.5495430408553986,0.5755447388193787,0.5845232151772342,0.5427451755252586,0.4711513804598684
0.5461374659884065,0.5084189855435782,0.4572827812609316,0.4594453165881738,0.6331286723443585,0.4896183460869151,0.4541306705561166,0.5454611133186432,0.5720819313318741,0.5808287568647029,0.5397484028189423,0.4677750235062826
0.5424109783508814,0.5048466616528787,0.4543766649624627,0.4632718472004186,0.6345811051693404,0.4863047986841164,0.447062343393545,0.5388144348517141,0.5649603083858744,0.5736062572807454,0.5338865836791148,0.4613642191640311
0.5405773098308293,0.5064761427258293,0.4572827812609316,0.4624869178440607,0.6300257476728064,0.4885217764428234,0.4491566625528255,0.5403316114582958,0.5649603083858744,0.5739058079547346,0.5337219258381084,0.4623044704675613
0.5443037974683544,0.5083980947605916,0.458090035788284,0.4599686028257457,0.6311480821284742,0.4899520846742473,0.4523729384045776,0.5430408553986201,0.568455783868544,0.5780662339823598,0.5374761246130542,0.4658090435079921
0.5501597066130368,0.5105707361911924,0.4582245782095095,0.4566653584510728,0.6342510068000263,0.4912632005530525,0.4595534612363963,0.5498681501282375,0.5740093430466172,0.5837909801963721,0.5427122439570573,0.4716642448072485
0.5490358452620372,0.5082100777137127,0.4556951806904717,0.4587912087912088,0.6366937347329503,0.4887839996185845,0.4554770185870825,0.5456056063287938,0.570840547515599,0.5811283075386919,0.5392214977277218,0.4690571843747329
0.5402815568437241,0.504930224784825,0.4554530043322659,0.4637951334379906,0.6321383772364164,0.4868054065651148,0.4500168293503871,0.5399703789329191,0.5646009604390578,0.5742053586287236,0.5325693209510637,0.4634584152491666
0.5440671950786703,0.5051182418317038,0.4539730376987864,0.4625850340136054,0.6360335379943223,0.4862571217430689,0.448408691424511,0.5394646533973919,0.563424912613113,0.5720752205025794,0.530593426858987,0.4615351739464912
0.5438897432864072,0.5064761427258293,0.4558028146274521,0.4616038723181581,0.633656829735261,0.487854299268159,0.45042821347096,0.5424267601054799,0.567018392081278,0.5768014644699616,0.535928340907594,0.4669202495939824
0.5499231042233527,0.5096306509567978,0.4571213303554611,0.4574502878074307,0.635439360929557,0.4902381463205321,0.4558884027076555,0.5475201387132898,0.5714939074189018,0.58172740888667,0.540538760455773,0.4712368578510983
0.5537087424582988,0.5096306509567978,0.4554260958480209,0.4564037153322868,0.6396646200567768,0.4894753152637727,0.4544298590074423,0.5448108947729654,0.5695991636993238,0.5792644366783158,0.5382664822498848,0.4676040687238225
0.5480894357033007,0.5079593883178741,0.4558028146274521,0.4592490842490843,0.6360335379943223,0.4886886457364895,0.449081865439994,0.5404038579633711,0.5659076802456634,0.5745049093027125,0.5331291576104855,0.4618770835114112
0.5465515201703537,0.5080011698838472,0.4565293437020692,0.4596415489272632,0.6343170264738891,0.4890462227943455,0.4489322712143311,0.5394285301448543,0.5649603083858744,0.5736728240971876,0.5312849897912139,0.4616633900333362
0.5547143026144564,0.5098395587866633,0.4551839194898151,0.4559458398744113,0.6404568561431306,0.4894991537342964,0.4530835109764763,0.5440161832171369,0.5687497958250303,0.5777333999001497,0.5354672989527761,0.4670484656808275
0.5541227966402461,0.5103618283613269,0.4561526249226381,0.4557169021454736,0.6390044233181488,0.4902143078500083,0.4569355622872957,0.5483870967741936,0.5712652314527459,0.5807289066400398,0.5377066455904631,0.4699119582870331
0.5491541464568792,0.5086696749394167,0.4562602588596184,0.4584314495028781,0.6360335379943223,0.4893084459701066,0.454878641684431,0.5452082505508796,0.5680310999313972,0.5775004160426027,0.5349733254297571,0.4665356013334473
0.5388027919081982,0.5052853680955962,0.4565831606705594,0.4639259549973836,0.6298937083250807,0.4875205606808267,0.4492688582220727,0.5387421883466388,0.5628368887001405,0.5721417873190214,0.5296713429493513,0.4598683648175058
0.5443037974683544,0.5073117740452913,0.4567177030917849,0.4608189429618001,0.6327985739750445,0.4887363226775369,0.4488574741014997,0.5396091464075425,0.5633922446179478,0.5727408886669995,0.5303629058815781,0.4598683648175058
0.5490358452620372,0.5098186680036767,0.457740225493098,0.4575484039769754,0.6341849871261636,0.4906195618489118,0.4534948950970493,0.5452082505508796,0.5676717519845808,0.5776002662672658,0.5358295462029902,0.4662364304641422
0.5510469655743524,0.509672432522771,0.4566638861232946,0.4571232339089482,0.6366277150590876,0.4900474385563422,0.4566363738359699,0.5487844525521078,0.570350527588122,0.5797969712098517,0.5382006191134822,0.4700829130694931
0.5485034898852478,0.5077086989220355,0.4552915534267955,0.459347200418629,0.6368917937545387,0.4883310686786336,0.4539062792176222,0.544955387783116,0.5669203880957826,0.5762023631219837,0.534841599156952,0.4657235661167622
0.543357387909618,0.5050137879167711,0.454161397088502,0.4628793825222397,0.6353733412556941,0.4863047986841164,0.4480347058603538,0.5385254488314127,0.5618895168403515,0.5701780662339824,0.5301323849041691,0.4590563296008206
0.5492724476517213,0.5072073201303584,0.4542959395097274,0.4595434327577185,0.6385422856011091,0.4875920760923979,0.4485582856501739,0.5387060650941011,0.5621181928065074,0.5710434348477283,0.5313508529276164,0.4594409778613557
0.550455459600142,0.5096306509567978,0.4569060624815004,0.4572867608581895,0.6359675183204594,0.4901427924384371,0.4533453008713864,0.5433298414189214,0.5665610401489661,0.5756698285904476,0.5350062569979582,0.4634156765535516
0.5529397846918254,0.5100484666165288,0.4563140758281086,0.4562728937728938,0.6381461675579322,0.4901189539679134,0.454878641684431,0.5460390853592458,0.5689458037960211,0.5779996671659178,0.537344398340249,0.4665356013334473
0.5554241097835089,0.5094844154758921,0.4544304819309528,0.4560439560439561,0.6417772496203867,0.4889747073827744,0.4532331052021393,0.543474334429072,0.5657116722746725,0.5751040106506906,0.5348086675887506,0.4635438926403966
0.5482668874955637,0.5069566307345199,0.4544304819309528,0.460001308215594,0.6378160691886181,0.4875205606808267,0.4494932495605669,0.5390672976194777,0.5626408807291498,0.5709103012148444,0.5310874003820063,0.4594837165569707
0.5448953034425649,0.5071446477813988,0.4562333503753734,0.4607862375719519,0.6337228494091239,0.4884264225607285,0.4470249448371293,0.537550121012896,0.5612034889418837,0.5695456814777833,0.5291444378581308,0.456620223950765
0.5524074293150361,0.5100484666165288,0.4565293437020692,0.4564364207221351,0.6375519904931669,0.4902143078500083,0.453120909532892,0.5437271971968356,0.5659730162359936,0.5741720752205025,0.5337219258381084,0.4602530130780409
0.5580267360700344,0.5121166541321969,0.4566369776390496,0.4532639979068551,0.6405888954908562,0.4914539083172424,0.457571337746363,0.5481342340064299,0.5700891836268008,0.5786653353303377,0.5382006191134822,0.4661509530729122
0.5561339169525612,0.5124091250940085,0.4578747679143234,0.4535583464154893,0.6380141282102065,0.4921690624329543,0.4548412431280153,0.5457862225914821,0.5695011597138284,0.5786320519221169,0.5380030297042745,0.4662364304641422
0.5541227966402461,0.5147697835714883,0.4618303150983505,0.4522828362114077,0.6320063378886908,0.4952680636010393,0.4484460899809268,0.5396091464075425,0.5682597758975532,0.5774671326343818,0.5362576565896068,0.4643986665526968
0.5564296699396664,0.5191568479986629,0.4664316659042596,0.4481946624803768,0.6276490394137453,0.4997973730005483,0.4455664011369161,0.5360690676588521,0.5689131358008559,0.5790314528207687,0.5377725087268656,0.4658945208992222
0.5603336093694546,0.5233141138129856,0.4700104943088556,0.4438775510204082,0.6254703901762725,0.5037545591074877,0.4495680466733984,0.5400065021854568,0.5761654307275162,0.5864869362622732,0.543996575116907,0.4733737926318488
0.5670767774754525,0.5251733934987883,0.4693377822027286,0.440541601255887,0.6300257476728064,0.5045173901642471,0.4534948950970493,0.5454611133186432,0.5812943059684428,0.5923448161091696,0.5504511624843575,0.4791862552354902
0.5723411806459245,0.524546670009192,0.4661087640933186,0.4395931449502879,0.6368917937545387,0.5027295048749673,0.4499420322375556,0.5431492251562331,0.5787462023455622,0.5910800465967715,0.5491338997563064,0.4746986921959142
0.5737016443866083,0.524128854349461,0.4650055162392703,0.4395277341705914,0.6390704429920115,0.5020143507592553,0.4398818205617263,0.5357078351334754,0.5738133350756265,0.5876185721417873,0.5456102219587696,0.4693990939396529
0.5724594818407666,0.5272206902314699,0.469499233108199,0.4374672946101517,0.6327985739750445,0.5057569906314812,0.4338232544223793,0.5314091680814941,0.5744013589885989,0.5893160259610584,0.5485411315286834,0.4722198478502436
0.5773098308292914,0.5334252527784742,0.4753383741893819,0.4312532705389849,0.6283752558262361,0.51188347755608,0.4286996521934254,0.5274717335548893,0.5772108065728007,0.5944083874188717,0.5543370875321083,0.4831182152320711
0.5947001064710754,0.5386061669591377,0.474073675429863,0.4223901098901099,0.6396646200567768,0.5142911630789768,0.4232768615131456,0.5248708593721779,0.5765247786743328,0.5962389748710267,0.5581571494434564,0.4933327634840585
0.5978350881343902,0.5375198462438372,0.4712482845841294,0.4223901098901099,0.6448141546180761,0.512407923907602,0.4189012304125061,0.5204276993100458,0.5697951716703146,0.5910800465967715,0.5547651979187249,0.4908111804427729
0.6004377144209156,0.5330074371187432,0.4642520786804079,0.4251700680272109,0.6549151647190863,0.5067343679229541,0.4150491791016867,0.5167070042986671,0.5623142007774983,0.5841570976868031,0.5482118158466707,0.4848705017522866
0.6089554004495445,0.5332790172975683,0.4607270672443022,0.4226190476190476,0.6639598600382913,0.5053278981620539,0.4190508246381689,0.5199580970270563,0.562477540753324,0.58372441337993,0.548376473687677,0.4847850243610564
0.6155211167632793,0.5305005431603577,0.454161397088502,0.4229788069073783,0.6757113619858717,0.5008224272330687,0.4281760724036053,0.5307950727883539,0.5676064159942505,0.5869861873855882,0.5516037673714023,0.487178391315497
0.6151662131787532,0.5262806049970753,0.4488873341764658,0.426380167451596,0.681917211328976,0.4961024100693699,0.4362541605894012,0.5380919698009609,0.5726699552448467,0.5896155766350475,0.5535796614634789,0.4896999743567826
0.6039275996687566,0.5228545165872817,0.4495869547668379,0.4321690214547357,0.6748531062256552,0.4944337171327088,0.4347956168891881,0.5353104793555612,0.5678677599555716,0.5842569479114661,0.5492326944609103,0.4850841952303615
0.5890216491186562,0.520076042450071,0.4527890643920028,0.4384811616954474,0.6625734468871723,0.4942668478390427,0.4293728262089084,0.5278329660802659,0.5588187252948287,0.5747378931602595,0.5400118553645524,0.4754679887169843
0.5761268188808707,0.5184465613771204,0.4565562521863144,0.443321559392988,0.6507559252657291,0.495029678895802,0.4356557836867498,0.5301809774952138,0.5599294371304434,0.5748710267931435,0.5390568398867155,0.4731173604581588
0.5682006388264521,0.5173393498788335,0.458735839410166,0.4463631606488749,0.6436258004885455,0.4953634174831343,0.4498298365683085,0.5419210345699527,0.5683577798830486,0.5815609918455649,0.5429756965026674,0.473886656979229
0.5674316810599788,0.5134745550263223,0.4541075801200119,0.4496009942438514,0.6489073743975704,0.4910963312593864,0.4580575189797674,0.5488205758046455,0.5715265754140668,0.583990680645698,0.5428439702298624,0.4709804256774084
0.5532355376789305,0.5036349962396591,0.4478648117751527,0.4612114076399791,0.6486432957021192,0.4827290281055567,0.4583567074310932,0.5478452479861287,0.5663650321779753,0.5778332501248128,0.5359612724757953,0.4614924352508762
0.5423518277534602,0.4973468705607086,0.444716519118478,0.4691588173731031,0.6463986267907835,0.4777229492955732,0.4544298590074423,0.542318390347867,0.5576100094737186,0.5679813612913962,0.5268721596522427,0.4504658517822036
0.5419969241689342,0.4973468705607086,0.4449048785081936,0.4692569335426479,0.6460025087476067,0.4778183031776681,0.4551404315793411,0.5419210345699527,0.5546698899088564,0.5643201863870859,0.5234143449911085,0.4461492435250876
0.5419969241689342,0.4987674438037938,0.4467346554368593,0.4681449502878074,0.6437578398362711,0.4794393191732818,0.4589924828901605,0.544955387783116,0.5583613733625168,0.5669495756365451,0.5263452545610222,0.4487990426532182
0.5450727552348279,0.4994568396423497,0.4462233942362026,0.4667386185243328,0.6461345480953323,0.4796061884669479,0.4617973746213397,0.5484954665318065,0.5612034889418837,0.5688800133133632,0.5281894223802938,0.4526027865629541
0.5477345321187744,0.4988718977187265,0.4442321664020666,0.4664769754055469,0.6500297088532382,0.4783904264702377,0.4609746063801938,0.5466893039049237,0.5600274411159388,0.5685471792311533,0.5281564908120925,0.4540986409094794
0.5441854962735124,0.4977646862204395,0.4444474342760272,0.4683084772370486,0.6477850399419026,0.4778421416481918,0.4576461348591945,0.5426434996207059,0.5546698899088564,0.563288400732235,0.5231508924454983,0.4476023591759979
0.5422926771560393,0.4978900309183588,0.4454968651615855,0.4687336473050759,0.6454743513567042,0.4783904264702377,0.4560005983769027,0.542101650832641,0.5537551860442325,0.5622566150773838,0.5226239873542778,0.4449525600478674
0.5459600141961434,0.4994986212083229,0.4458735839410166,0.4664769754055469,0.6469928038555489,0.4794869961143293,0.460264033808295,0.5465809341473107,0.5579040214302048,0.5682143451489432,0.5268392280840414,0.447858791349688
0.5479119839110375,0.4992061502465112,0.4446088851814977,0.4661499215070644,0.6496996104839241,0.4787480035280936,0.4622461572983283,0.5490373153198714,0.5605827970337461,0.5716092527874853,0.5291773694263321,0.4514061030857338
0.5495090500414055,0.4988718977187265,0.4434518203589592,0.4659863945578231,0.6519442793952598,0.4780566878829055,0.462433150080407,0.5483148502691182,0.5604847930482507,0.5710434348477283,0.5290127115853257,0.4515343191725788
0.5396900508695137,0.4962814406283947,0.4445819766972527,0.470728676085819,0.6451442529873902,0.4770554721209087,0.462694939975317,0.5478452479861287,0.5619221848355167,0.5698452321517723,0.5252255812421788,0.4437131378750321
0.5344256476990418,0.4966156931561795,0.4474073675429864,0.4719387755102041,0.6387403446226975,0.4785096188228563,0.4749990650360896,0.5617165769605895,0.5736173271046356,0.5765019137959726,0.5261476651518145,0.4367467304897854
0.5444812492606176,0.5037603409375784,0.4520356268331405,0.4635334903192046,0.6386083052749718,0.4846361057474552,0.4776543625416059,0.5641729581331503,0.578484858384241,0.5881511066733233,0.5398471975235462,0.4468758013505428
0.5569620253164557,0.5156680872399098,0.4616957726771251,0.4507783882783883,0.6337228494091239,0.4957209945409903,0.4529339167508134,0.5363219304266157,0.5698605076606449,0.6046263937427193,0.572317723770006,0.4839302504487563
0.561043416538507,0.5260925879501964,0.4732664209025106,0.4414900575614862,0.6218393081138179,0.5067820448640016,0.4144882007554509,0.4906621392190153,0.5460455391852602,0.6110500915293726,0.6027794243561878,0.5255577399777759
0.5734650419969242,0.5308139049051559,0.4736700481661868,0.4343602825745683,0.6282432164785106,0.509666499797373,0.3789221736040989,0.4510710544377416,0.5133775440201235,0.600865368613746,0.6192122768886255,0.5582955808188734
0.6043416538507039,0.5318166624885101,0.4609423351182628,0.4250392464678179,0.6611210140621904,0.5045889055758183,0.3636261640300685,0.4393671206155402,0.4812975727679592,0.5722416375436844,0.6085095172232102,0.5785964612360031
0.6370519342245357,0.5364753070945099,0.4520625353173856,0.4123495552066981,0.690301709909553,0.5033016281675368,0.363139982796664,0.4456164433045551,0.4627748195093267,0.5440838741887168,0.5805506158203253,0.5875288486195401
0.6484088489293742,0.5541280187181415,0.4696068670451794,0.3953754578754579,0.6751171849211064,0.5211566425898114,0.3398032835932533,0.4213416175992486,0.4241612492241352,0.5121983691129971,0.5517025620760061,0.5965039746986922
0.6511889270081629,0.5824350296649118,0.5048300729219923,0.372481684981685,0.6334587707136726,0.5529094853274213,0.2850517970006358,0.3580898024058086,0.3727744928293751,0.5008154435014145,0.5589145755120859,0.6324899564065305
0.6588193540754761,0.6048508398094761,0.5302316820493501,0.3527930402930403,0.6065227437776456,0.5769386636153425,0.2087213433561465,0.265180796878951,0.2767959230342034,0.4424363454817773,0.529045643153527,0.6512095050859048
0.5987223470957057,0.5749561293557282,0.5190646610876409,0.3928244374672947,0.5866508219449396,0.5549595937924623,0.2113018437488313,0.2409420944261821,0.1628826238933717,0.2956565152271592,0.3922479088454192,0.5696640738524661
0.5100556015615758,0.5251107211498287,0.4951968355622528,0.4563383045525903,0.5665148214167822,0.5159360175451143,0.2985152773102958,0.314886392370769,0.1396230113357943,0.201531036778166,0.2815649081209247,0.460894093512266
0.4605465515201704,0.5004804880086905,0.4860210424346797,0.4893380429094715,0.5500759226249421,0.4978187799470785,0.3869628632334792,0.406278221291045,0.2141387083074711,0.2430354468297553,0.295231508924455,0.4159329857252756
0.4112741038684491,0.4756622378206735,0.4764416220434304,0.522370486656201,0.5343632402455931,0.4794154807027581,0.4728673473203935,0.4961528736047394,0.3027016432001568,0.310833749375936,0.3266811565566753,0.365415847508334
0.4027564178398202,0.4553563967577504,0.454161397088502,0.5406200941915228,0.5569419687066745,0.4579608572314,0.5392871835147164,0.5687967344579706,0.3653261899317239,0.3568647029455816,0.3498320490021735,0.3376356953585777
0.4103868449071336,0.4496532130024233,0.4433441864219788,0.5429748822605966,0.5745032019541823,0.4499034541943789,0.5537978234040166,0.5893869884044359,0.3947600535755121,0.3882509568979863,0.3743002041757228,0.3381912984015728
0.4291375842896013,0.4503217180579927,0.4357021768963754,0.5372514390371533,0.5943091041130256,0.4468998069083887,0.5561539324582072,0.600801936206336,0.4267746888373461,0.4245964386753203,0.4051570835803201,0.3540473544747414
0.4595409913640128,0.4532255368931227,0.4255845868202244,0.5265894819466248,0.6236878589819765,0.4440868673865885,0.552937656606455,0.6053895892786186,0.4551958446310151,0.455782992178399,0.4330171902786011,0.3754594409778613
0.4784691825387436,0.4543745299573827,0.4184538384952776,0.5204408686551544,0.6430316234237802,0.4415838279815967,0.5430644377127043,0.5998627316403569,0.4702884583973082,0.472957230820436,0.4472436277415531,0.3837934866227883
0.4868094167751094,0.4573619119244589,0.4185345639480128,0.5157967032967034,0.6475209612464513,0.4433240363298291,0.531919667900819,0.593396669436116,0.4832903204730326,0.4877350640705608,0.4586708819073964,0.3892213009658946
0.503253282858157,0.4661778223447815,0.4223824771950596,0.5043498168498168,0.6520102990691226,0.450070323488045,0.525187927745989,0.5927103276379005,0.5020744176929862,0.5070394408387419,0.4746426924850161,0.4012308744337123
0.5267952206317283,0.4787540737026823,0.4278718079810564,0.4879971219256934,0.6584142074338152,0.4596533886385849,0.5257863046486406,0.5990318968319908,0.5267387540426643,0.5318355799633883,0.4957188961338339,0.4199504231130866
0.5424109783508814,0.4875073117740452,0.4320426230390442,0.4768445839874412,0.6620452894962697,0.4664950296788958,0.5222708403455627,0.6004045804284218,0.5461108751755905,0.5516059244466633,0.5114931173022459,0.4354218309257201
0.5397492014669348,0.4927091167376953,0.4399537174070985,0.47350863422292,0.6508219449395919,0.4729790936613507,0.4989715396985676,0.5815843658563017,0.5528731501747738,0.5613579630554169,0.5200553250345782,0.4418326352679716
0.5362593162190938,0.4967201470711122,0.4467077469526141,0.4713500784929357,0.6405888954908562,0.4782473956470953,0.4680429335427652,0.5544919264530579,0.552709810198948,0.5655849558994841,0.5244352236053481,0.4449952987434823
0.5421152253637762,0.5011907746302331,0.4498022226407986,0.4662153322867609,0.6400607380999537,0.4821807432835109,0.4573469464078686,0.5446302785102771,0.5534285060925811,0.5691795639873523,0.5285187380623065,0.4496538165655184
0.5560747663551402,0.507269992479318,0.4512821892742782,0.4575811093668236,0.6460685284214696,0.4863047986841164,0.4585810987695875,0.5488566990571832,0.5598641011401131,0.5754035613246796,0.5367516301126259,0.4593555004701257
0.5599195551875074,0.5094635246929055,0.4523585286440815,0.4548338566195709,0.6468607645078233,0.4880211685618251,0.4600396424698007,0.5510602174619803,0.5656136682891771,0.5809286070893659,0.5427122439570573,0.4649542695956919
0.5582041878622974,0.5088994735522687,0.4524123456125716,0.4557496075353219,0.6458704693998811,0.4877351069155403,0.4576087363027787,0.5475923852183651,0.565581000294012,0.581527708437344,0.5430415596390701,0.464997008291307
0.5506920619898261,0.5064761427258293,0.4527083389392676,0.4597069597069597,0.6412490922294843,0.4864955064483063,0.4512135831556902,0.540295488205758,0.5607461370095718,0.5775336994508237,0.5387275242047027,0.4594409778613557
0.5480302851058796,0.5057240745383137,0.4529505152974732,0.4610478806907379,0.6394665610351885,0.4861617678609741,0.4473615318448708,0.5373695047502077,0.5593414132174709,0.5756032617740057,0.5372126720674438,0.45649200786392
0.5569028747190348,0.5084189855435782,0.4523854371283266,0.4564691261119833,0.6451442529873902,0.4874490452692555,0.4499420322375556,0.5413069392768125,0.5637842605599296,0.5795307039440838,0.5422841335704407,0.4625609026412514
0.5641192476044008,0.5102991560123673,0.451551274116729,0.4530023547880691,0.6502277678748267,0.4881641993849674,0.4541306705561166,0.5448831412780407,0.5671163960667734,0.583524712930604,0.5463017848909965,0.4676040687238225
0.5586182420442447,0.5094008523439458,0.4528697898447381,0.4552263212977499,0.6455403710305669,0.4882357147965386,0.4523729384045776,0.5430408553986201,0.5656790042795075,0.582492927275753,0.5461041954817889,0.4670912043764424
0.548799242872353,0.5070819754324392,0.4543497564782175,0.4597396650968079,0.638212187231795,0.4875443991513505,0.4465387636037249,0.5366831629519923,0.5606154650289112,0.5774338492261607,0.5412961865244023,0.4613214804684161
0.5507512125872472,0.5068521768195872,0.4531657831714339,0.4593799058084773,0.6407869545124446,0.4869007604472097,0.4437338718725457,0.5335765632337536,0.5588513932899938,0.5766017640206357,0.5399459922281499,0.4593982391657407
0.559150597421034,0.5088368012033091,0.4519010844119151,0.4555206698063841,0.6469928038555489,0.4874728837397793,0.4471371405063765,0.5384893255788752,0.5630002286759661,0.5807289066400398,0.5442600276625172,0.4650397469869219
0.5622264284869277,0.5109676610679368,0.4532734171084143,0.4530023547880691,0.6470588235294117,0.4893084459701066,0.4510639889300273,0.5427518693783189,0.5671490640619385,0.5860875353636211,0.5497595995521307,0.4716215061116335
0.555660712173193,0.5095888693908247,0.4544304819309528,0.4558804290947148,0.6419092889681124,0.4890223843238218,0.4488948726579154,0.5394646533973919,0.5642089444970763,0.584223664503245,0.5479483633010604,0.469142661765963
0.5528806340944044,0.5098604495696498,0.4560718994699029,0.4564691261119833,0.6383442265795206,0.4899044077331998,0.4425745166236584,0.53332370046599,0.5598967691352782,0.5797304043934098,0.54458934334453,0.465253440464997
0.555779013368035,0.510863207153004,0.4560449909856578,0.4548665620094191,0.6400607380999537,0.4904526925552457,0.4394330378847376,0.5298919914749124,0.5574466694978929,0.5777001164919288,0.5431403543436738,0.4633301991623216
0.5622855790843487,0.51330742876243,0.4562333503753734,0.451138147566719,0.6434277414669571,0.491930677727717,0.4432476906391414,0.5353827258606365,0.5611381529515534,0.5814611416209019,0.5469274846868208,0.4686725361141978
0.5664261209038212,0.5147280020055152,0.4561795334068832,0.4489141810570382,0.6458044497260182,0.4927173472550001,0.4475111260705337,0.5400065021854568,0.565809676260168,0.5863538026293892,0.5517354936442074,0.4758953756731344
0.5618715249024016,0.5128896131026991,0.4558566315959422,0.4515960230245945,0.6436258004885455,0.4915492621993372,0.4454916040240847,0.5374056280027454,0.5640456045212505,0.58372441337993,0.5494961470065204,0.4735020087186939
0.5532355376789305,0.510821425587031,0.4571482388397062,0.4556187859759288,0.6372218921238528,0.4909294619657203,0.4389094580949175,0.5304338402629774,0.5568586455849205,0.5766017640206357,0.5441941645261148,0.4673048978545174
0.5550100556015616,0.5123255619620624,0.4582514866937546,0.45391810570382,0.6368917937545387,0.4922882547855729,0.433860652978795,0.5255572011703934,0.5534611740877463,0.5738392411382925,0.5424817229796484,0.4658090435079921
0.5638826452147168,0.5170050973510487,0.4602696230121357,0.447834903192046,0.6393345216874629,0.4958401868936088,0.4373013201690415,0.5294946356969982,0.5572833295220673,0.5784323514727907,0.5476190476190477,0.4719206769809385
0.5690878977877677,0.5194075373945015,0.460996152086753,0.4444989534275249,0.64138113157721,0.4975327183007938,0.4399192191181421,0.5323483726474731,0.559374081212636,0.5812947245797969,0.5505828887571627,0.4758953756731344
0.5651839583579794,0.5184465613771204,0.4615343217716546,0.4463304552590267,0.6385422856011091,0.4972228181839853,0.4355809865739183,0.5275801033125023,0.555551925778315,0.5786986187385588,0.5477178423236515,0.4749978630652193
0.5498048030285106,0.5152084900142058,0.4643597126173883,0.4531004709576139,0.6265267049580775,0.496626856420892,0.4298964059987284,0.5198136040169057,0.5471235830257098,0.5718089532368115,0.5417901600474215,0.4684161039405078
0.547083875547143,0.51621124759756,0.4668622016521809,0.4531004709576139,0.6219053277876807,0.4982955493575532,0.4264183402520663,0.5149730881768595,0.5426153996929208,0.5683474787818272,0.5380030297042745,0.4661936917685273
0.5563705193422454,0.5192821926965823,0.4666200252939752,0.448096546310832,0.627384960718294,0.4999642422942144,0.4275028983881222,0.5161651555106022,0.5434647675672145,0.5691129971709102,0.5398471975235462,0.4705103000256432
0.5615757719152964,0.5225829364084565,0.468503619191131,0.4441064887493459,0.6279791377830592,0.5026818279339198,0.4304199857885485,0.5181519344001735,0.5437261115285354,0.5704443334997504,0.5413620496608049,0.4743995213266092
0.5535904412634568,0.5224575917105373,0.4720017221429917,0.4463958660387232,0.6191985211593054,0.5041598131063911,0.4257077676801676,0.5134920348228155,0.5384338963117834,0.565851223165252,0.5388263189093065,0.4723480639370886
0.5480894357033007,0.5224784824935239,0.4745311196620294,0.4479003139717425,0.613058691490064,0.5052802212210065,0.4172556939302143,0.504244482173175,0.5287641697429029,0.5573972374771176,0.5329315682012777,0.4665783400290623
0.5471430261445641,0.5234603492938915,0.4761994456852245,0.4474097331240189,0.6104839242094143,0.506567498629288,0.4132914469501477,0.5000541848788066,0.5237006304923068,0.5531036778166084,0.5292761641309359,0.4647833148132319
0.5529397846918254,0.527304253363416,0.4785135753303016,0.442798273155416,0.6108800422525912,0.5097856921499917,0.4129548599424062,0.4991872268179027,0.522099898729215,0.5523048760193043,0.5302970427451755,0.4682451491580477
0.5564888205370875,0.530437870811398,0.480935338912359,0.4393642072213501,0.609889747144649,0.5126701470833631,0.4119077003627661,0.4978145432214717,0.5190944431740224,0.5504742885671492,0.5301653164723705,0.4717924608940935
0.5491541464568792,0.5298111473218016,0.4834378279471518,0.4418498168498169,0.6026936026936026,0.5134091396695988,0.4060361270054976,0.490156413683488,0.5096207245761328,0.5434514894325178,0.52371072910492,0.469655526113343
0.5350763042706731,0.5272206902314699,0.4865592121195813,0.4478021978021979,0.591008120419885,0.5133137857875039,0.3950409514192752,0.4768630567496298,0.4947241187808304,0.5308037943085372,0.513271421985115,0.4616633900333362
0.5279190819827281,0.5290172975683128,0.4921292683583134,0.448358189429618,0.5802469135802468,0.5168180409544924,0.3886831968286025,0.4680128598779034,0.4836823364150143,0.5217507072724247,0.5065533820720542,0.4570048722113001
0.533065183958358,0.5339684131361243,0.4961117240265856,0.443059916274202,0.5782003036904998,0.5213950272950487,0.3867758704514006,0.4649062601596648,0.4782594492176015,0.5168913296721585,0.5041164460251597,0.4587144200359005
0.533242635750621,0.5365588702264561,0.4993945591044857,0.4409994767137625,0.574239123258731,0.5243271591694677,0.384569355622873,0.4619080301990391,0.4720198621410604,0.5117989682143451,0.5025027991832971,0.4617061287289512
0.5252573050987815,0.5368722319712542,0.503430831741248,0.442929094714809,0.5648643295702118,0.5262819137524136,0.376753057331987,0.4516490264783441,0.4602593838816112,0.5020136461973705,0.4953237173154186,0.4582870330797504
0.5199929019283095,0.5377496448566892,0.5069558431773539,0.4437140240711669,0.5576021654453026,0.5283558606879782,0.3670668312203149,0.4388975183325507,0.444448074221685,0.4879680479281078,0.4837976684449713,0.4504658517822036
0.5118892700816278,0.5382092420823933,0.511234292172322,0.445578231292517,0.5478312537136066,0.5305013230351141,0.35749280077789,0.4271213380052741,0.4298454803828689,0.4757863205192211,0.4744451030758085,0.4439268313531071
0.5146101975629954,0.5417606751901062,0.5145709442187122,0.4420460491889063,0.5452564864329569,0.5340055782021026,0.3541269307004749,0.4233645197413576,0.4218744895625756,0.4700282908969878,0.4714812619376934,0.447773313958458
0.5134271856145747,0.5432230299991643,0.5169927078007696,0.4412611198325484,0.5416254043705023,0.5359364943145248,0.3542765249261378,0.4209081385687967,0.4154715625102088,0.4645032451323015,0.46881380491339,0.4515770578681938
0.5040222406246303,0.541259296398429,0.5187417592767,0.4453819989534276,0.5342312008978676,0.5355789172566688,0.3459740454018475,0.4100711628074992,0.4025350364248146,0.4527209186220668,0.4604162550220642,0.447730575262843
0.4941440908553176,0.5408832623046712,0.5227511234292173,0.4483908948194662,0.5238000924275434,0.5371522563112351,0.3361008265080968,0.3972112849040928,0.3869850707262096,0.437576967881511,0.4484950273332016,0.4377297204889306
0.4936117354785284,0.543515500960976,0.5263837688023034,0.4464939822082679,0.5190466759094209,0.5402512574793201,0.3303040502636598,0.388939060072969,0.3760086243507236,0.4269262772507904,0.4398340248962655,0.4324728609282844
0.4979888796876849,0.5461477396172808,0.5277830099830477,0.4432234432234433,0.5197728923219119,0.5423728813559322,0.331500804068963,0.3878914857493769,0.3716311129985953,0.4230986853053752,0.4381874464862016,0.4336695444055047
0.4932568318940021,0.5441004428845992,0.5273255657508813,0.4461342229199372,0.5176602627583019,0.5410140885360796,0.333108941994839,0.3878914857493769,0.3691810133612101,0.420003328340822,0.4358163735757097,0.4332848961449697
0.4920146693481604,0.541948692236985,0.5250921615585394,0.4481619570905285,0.5197728923219119,0.5387732723068488,0.33108941994839,0.3848932557887513,0.3628107543040084,0.4147112664336827,0.4305473226635052,0.4293956748440038
0.4840293386963208,0.5387315116570569,0.5245809003578829,0.4528715332286762,0.5159437512378688,0.536723163841808,0.3282845282172109,0.3810641910197594,0.3553297834111921,0.4077217507072724,0.4232365145228215,0.4232413026754424
0.479178989707796,0.5363708531795771,0.5237467373462853,0.4560766614338043,0.5142272397174357,0.5350067939640993,0.3278357455402222,0.381533793302749,0.3543170755610729,0.4049592278249292,0.4183297108608312,0.4196939909393966
0.4899443984384242,0.5368513411882677,0.5194682883513172,0.4527407116692831,0.5254505842741136,0.5333857779684855,0.3344926885822207,0.390203373911787,0.3596746267681552,0.4086204027292394,0.4200750839754989,0.422087357893837
0.493020229504318,0.5348249352385727,0.5154858326830449,0.4534602302459445,0.5320525516603948,0.5304536460940666,0.3452634728299488,0.4012209659357729,0.3691156773708797,0.4160426027625228,0.4251465454784957,0.4251645439781178
0.4919555187507394,0.5312526113478734,0.5113419261093023,0.456567242281528,0.5365418894830658,0.5265918138692222,0.3518456187591159,0.4083372466856916,0.3772500081669988,0.4215010817107671,0.4280774550484094,0.4248226344131978
0.4934342836862652,0.52661485752486,0.504722438985012,0.4597723704866562,0.5455205651284082,0.521013611766669,0.3547253076031265,0.4126359137376729,0.3824115514030904,0.4233316691629222,0.42732002897978,0.4201641165911616
0.4972199219212114,0.5232723322470126,0.4986949385141135,0.461342229199372,0.555027398164653,0.5164366254261127,0.3609708665245522,0.4215944803670123,0.3927019698801084,0.4297553669495756,0.4303826648224989,0.4207624583297717
0.5055601561575772,0.520953455335506,0.4918870920001076,0.4608516483516484,0.5680332739156267,0.5120980237907936,0.3738733684879764,0.4362605208973016,0.4082519355787136,0.4429023131968713,0.4384508990318119,0.4235832122403624
0.5140778421862061,0.5192404111306091,0.4858326830449641,0.4598377812663528,0.580180893906384,0.5084507378006627,0.3868506675642321,0.4532745728425387,0.4265460128711901,0.4576135796305541,0.4482974379239939,0.4300794939738439
0.517271974446942,0.5168379710871563,0.4812582407233001,0.4608189429618001,0.5875750973790189,0.5050418365157692,0.3942929802909607,0.4645089043817506,0.4402339028453824,0.4684639707106007,0.4546532305868405,0.4308915291905291
0.5150242517449427,0.5113645859446811,0.4752307402524016,0.4657574568288854,0.5937149270482603,0.4992490881785024,0.398444220053106,0.4698912690098616,0.4490542615399693,0.4754534864370111,0.4576829348613581,0.4255064535430379
0.5198154501360464,0.5088576919862956,0.4698221349191401,0.4663788592360021,0.6030897207367795,0.4954110944241818,0.4043157934103744,0.4784524798612867,0.4601287119009506,0.4855050757197536,0.464071659092406,0.4265321822377981
0.5346030994913049,0.510633408540152,0.4653822350187014,0.4609170591313449,0.6167557932263814,0.4944575556032325,0.4148247877631924,0.4925766716035112,0.4772140733723172,0.5002829089698785,0.4754330501218468,0.4355927857081802
0.5393942978824086,0.5101738113144481,0.4626106611414579,0.4599358974358974,0.6228296032217601,0.4929795704307612,0.4256329705673361,0.5057255355272189,0.4937114109307112,0.5148943251788982,0.4870578936968979,0.4437986152662621
0.5397492014669348,0.5074789003091836,0.4589780157683718,0.4619636316064888,0.6274509803921567,0.4898328923216286,0.4315045439246046,0.5124083372466857,0.503936493417399,0.5236478615410218,0.4934136863597444,0.4449098213522523
0.5380929847391459,0.5037185593716053,0.4549148346473643,0.4653649921507065,0.6315442001716511,0.485899544685213,0.4317663338195146,0.5153704439547737,0.5108294403972429,0.5282742552837411,0.4960811433840479,0.4430293187451919
0.543534839701881,0.5037812317205649,0.4524930710653069,0.4637951334379906,0.6375519904931669,0.4848506519821688,0.4338232544223793,0.5204999458151212,0.5174283754206004,0.5330670660675653,0.4998682737271949,0.443328489614497
0.5534129894711937,0.505619620623381,0.4503673008099454,0.4596415489272632,0.6456724103782926,0.4849698443347875,0.4401062119002207,0.5277607195751906,0.5277514618927838,0.5421201531036778,0.5071461502996772,0.4471322335242328
0.5589139950313499,0.5063716888108967,0.4488335172079756,0.4575156985871272,0.6506238859180035,0.4847076211590264,0.4486704813194211,0.5376223675179713,0.5399692920845448,0.5540356132467965,0.5168280313508529,0.4547824600393196
0.557553531290666,0.5039065764184841,0.446304119688938,0.4598377812663528,0.6529345745032019,0.4821807432835109,0.4506526048094543,0.5410179532565113,0.5453595112867924,0.5591279747046097,0.520384640716591,0.4558509274296948
0.5524074293150361,0.5015250271580178,0.4455506821300757,0.4631083202511774,0.6510200039611804,0.480488211876326,0.4473241332884551,0.5397897626702308,0.5455881872529483,0.5593942419703777,0.5199235987617731,0.4525173091717241
0.554063646042825,0.5021935322135873,0.4456583160670559,0.46212715855573,0.6518122400475341,0.4809173043457532,0.4465761621601406,0.5393924068923166,0.5477442749338474,0.5614578132800798,0.5218006981492459,0.4531156509103342
0.5631728380456643,0.5052226957466366,0.4454161397088502,0.4572213500784929,0.6572258533042845,0.4825383203413669,0.4522233441789147,0.5455694830762562,0.5562706216719481,0.5688800133133632,0.5280247645392874,0.4570048722113001
0.5677865846445049,0.5061627809810312,0.4445281597287625,0.4552263212977499,0.6608569353667393,0.4826813511645093,0.4590672800029919,0.5525412708160243,0.5650256443762047,0.5760026626726575,0.5343805572021341,0.4633301991623216
0.5645924523837691,0.5041781565973092,0.4433980033904691,0.4576792255363685,0.6604608173235623,0.4810603351688955,0.4584689031003404,0.5527218870787126,0.5662670281924799,0.5765019137959726,0.5341500362247251,0.4628600735105564
0.5598012539926653,0.501107211498287,0.4416758603987837,0.4614076399790686,0.6598666402587972,0.4785334572933801,0.4543550618946109,0.548350973521656,0.5624448727581588,0.5731735729738725,0.5301323849041691,0.4561073596033849
0.5576126818880871,0.5014414640260717,0.443075101579528,0.461734693877551,0.6569617746088334,0.4793439652911869,0.4556640113691612,0.5497236571180869,0.5636209205841038,0.5742719254451655,0.5306922215635909,0.4561500982989999
0.5635277416301905,0.5040737026823765,0.4437747221699001,0.4580389848246991,0.6594045025417574,0.4811556890509905,0.459590859792812,0.555214391503811,0.569403155728333,0.5801298052920619,0.5367845616808273,0.4616633900333362
0.5689104459955047,0.5053480404445558,0.4429674676425477,0.4555533751962323,0.6634317026473888,0.4815132661088465,0.4631811212087213,0.5591157027778781,0.5744666949789291,0.583857547012814,0.5408022130013831,0.4649542695956919
0.5687921448006625,0.5036141054566725,0.440787880418696,0.4569270015698587,0.6660064699280385,0.4795823499964242,0.4618347731777554,0.557020554130694,0.5744993629740943,0.583524712930604,0.5398471975235462,0.4655953500299171
0.5588548444339289,0.5007520681875156,0.4416220434302936,0.4619309262166405,0.6594705222156202,0.4782950725881428,0.4580575189797674,0.5540223241700682,0.5699585116461403,0.5793642869029788,0.5354014358163737,0.4601675356868109
0.5545368508221934,0.4911840895796774,0.4312622769959369,0.470597854526426,0.669703571664356,0.4682590764976519,0.460675417928868,0.5555033775241123,0.5744340269837641,0.5764686303877516,0.5345122834749392,0.4627745961193265
0.548799242872353,0.4750564051140636,0.4130990501305062,0.4848246991104134,0.6887832574107083,0.4510238623089942,0.471034818056023,0.5637033558501608,0.5885792688902682,0.5766017640206357,0.5383652769544887,0.4747414308915292
0.5516976221459836,0.4744923539734269,0.4110540053278799,0.4844649398220827,0.6929424968640654,0.4497842618417603,0.4751860578181682,0.5684716251851317,0.5936428081408645,0.5809618904975868,0.5427451755252586,0.4808958030600906
0.5475570803265114,0.472089913929974,0.4098431235368512,0.4874738356881214,0.6920842411038489,0.4478771841998617,0.4725307603126519,0.5661597370227215,0.592336088334259,0.5802629389249458,0.5421194757294343,0.4800410291477904
0.5419969241689342,0.4702306342441715,0.4099776659580766,0.4904827315541601,0.6888492770845711,0.446875968437865,0.4683421219940911,0.5614637141928259,0.5875338930449838,0.5749375936095856,0.5369492195218336,0.4744422600222241
0.5445403998580386,0.4714840812233642,0.410435110190243,0.4887820512820513,0.6897075328447877,0.4478056687882905,0.4681551292120124,0.5614275909402883,0.585900493286727,0.5734065568314195,0.5354672989527761,0.4731600991537739
0.543357387909618,0.4716720982702432,0.4112154562333504,0.4889782836211408,0.6880570409982174,0.4482347612577177,0.4712218108381016,0.5636672325976231,0.5882199209434518,0.5770011649192878,0.537937166567872,0.4753825113257544
0.5463740683780907,0.4735313779560458,0.4122379786346635,0.4866889063317635,0.688519178715257,0.4497604233712365,0.4763454130670556,0.5680020229021422,0.5930547842278919,0.581993676152438,0.542218270434038,0.4799982904521754
0.5414054181947239,0.4716094259212834,0.412049619244948,0.4895669806384092,0.6859444114346075,0.4485923383155737,0.4746998765847638,0.5660513672651085,0.5914213844696352,0.5802962223331668,0.540308239478364,0.4786733908881101
0.53661421980362,0.4696248015375616,0.4116459919812717,0.4924450549450549,0.6837657621971347,0.4472812224367685,0.4692770859044841,0.5602716468590832,0.5863905132142041,0.5746713263438176,0.5364552459988144,0.473972134370459
0.5341298947119366,0.4699172724993732,0.4131528670989963,0.4929029304029304,0.6805968178517197,0.4481155689050991,0.4681177306555967,0.5590073330202652,0.5854758093495802,0.5742053586287236,0.5359612724757953,0.4727327121976237
0.5446587010528806,0.4722361494108799,0.4113499986545758,0.4881933542647829,0.6886512180629827,0.4486161767860974,0.4713340065073489,0.5630531373044829,0.5889386168370848,0.5779996671659178,0.5390897714549168,0.4753825113257544
0.5472613273394062,0.4728002005515166,0.4108925544224094,0.487015960230246,0.690631808278867,0.4487592076092398,0.4761210217285613,0.5676407903767655,0.5930874522230571,0.582293226826427,0.5432391490482776,0.4799982904521754
0.5418786229740921,0.470940920865714,0.4109732798751446,0.4899594453165882,0.6875949032811777,0.4477103149061956,0.4745502823591009,0.5656540114871943,0.5917480644212866,0.5803960725578299,0.5417242969110189,0.4771347978459698
0.5389802437004614,0.468914514916019,0.4096547641471356,0.4923469387755103,0.6875288836073149,0.4459701065579633,0.4684917162197539,0.5593685655456417,0.5865538531900298,0.5742053586287236,0.5348086675887506,0.4698692195914181
0.5345439488938839,0.4685175900392746,0.4111616392648602,0.4938840920983778,0.6832376048062322,0.4464230374979141,0.4670331725195408,0.556803814615468,0.583515729639672,0.5722749209519055,0.5324705262464599,0.4690144456791179
0.5431207855199338,0.4722152586278933,0.4120227107607029,0.4886185243328101,0.6870007262164124,0.4489022384323822,0.4696510714686413,0.5607412491420728,0.5871418771030021,0.5759360958562156,0.5361259303168017,0.4747414308915292
0.5508103631846681,0.4747430433692654,0.4117805344024971,0.4845303506017792,0.6915560837129464,0.4502610312522349,0.474138898238528,0.5660513672651085,0.5925320963052498,0.5809951739058079,0.5414937759336099,0.4804684161039405
0.5437122914941441,0.4725286203726915,0.4121572531819282,0.4881933542647829,0.687132765564138,0.4491644616081433,0.4736153184487079,0.5645703139110646,0.5909640325373232,0.5798968214345149,0.5405716920239741,0.4794426874091802
0.5350763042706731,0.4712542826105123,0.4144444743427603,0.4915947148090006,0.6795405030699148,0.4494266847839043,0.4697258685814727,0.5593685655456417,0.5860638332625527,0.5749043102013646,0.5354014358163737,0.4724762800239337
0.5305217082692536,0.4702724158101445,0.4152248203858677,0.4936224489795918,0.6760414603551858,0.4492121385491907,0.4684917162197539,0.5574179099086082,0.5840384175623142,0.5727076052587785,0.5328986366330766,0.4705103000256432
0.5383295871288301,0.4712125010445391,0.4129106907407905,0.4907443746729461,0.6831715851323694,0.4487353691387161,0.4716331949586746,0.5608134956471481,0.5870112051223417,0.5755366949575635,0.5357966146347889,0.474014873066074
0.5503371584053,0.4737193950029247,0.4106772865484487,0.4854461015175301,0.6926784181686142,0.4491644616081433,0.4757844347208198,0.565690134739732,0.5930221162327269,0.5808953236811449,0.5406375551603768,0.4794854261047953
0.5445403998580386,0.4720690231469875,0.4111885477491053,0.4883568812140241,0.6887832574107083,0.448473145962955,0.4746250794719324,0.5643896976483763,0.5917807324164516,0.5795307039440838,0.540308239478364,0.4778613556714249
0.5354903584526204,0.470063507980279,0.4126954228668299,0.4924123495552067,0.6818511916551132,0.4479963765524804,0.4697632671378885,0.559440812050717,0.5860638332625527,0.5751372940589116,0.536521109135217,0.4709376869817934
0.5376789305571986,0.4705022144229965,0.4122917956031537,0.4914638932496075,0.683633722849409,0.4480678919640516,0.4692396873480684,0.5588628400101145,0.5845611054849564,0.5736395406889665,0.5338207205427123,0.469142661765963
0.5423518277534602,0.4723406033258126,0.4125339719613594,0.4887493458922031,0.6858783917607446,0.4492121385491907,0.4714088036201803,0.5611747281725247,0.5870438731175068,0.5759028124479946,0.5368833563854312,0.4732455765450039
0.5447770022477227,0.4736358318709784,0.4130721416462611,0.4870486656200942,0.6866046081732355,0.4501895158406636,0.4731291372153035,0.5630170140519453,0.5901146646630296,0.5782659344316857,0.5406046235921754,0.4772630139328148
0.5431207855199338,0.4726121835046377,0.4125339719613594,0.4882914704343276,0.6863405294777842,0.449355169372333,0.4730169415460564,0.5637394791026984,0.5895919767403875,0.5777001164919288,0.5399130606599486,0.4779468330626549
0.5388027919081982,0.4701470711122253,0.4113230901703307,0.4914311878597593,0.6854162540437049,0.4474242532599108,0.4686039118890011,0.5585738539898133,0.5850511254124335,0.5718422366450323,0.5349403938615557,0.4729891443713138
0.536436768011357,0.470251525027158,0.4125339719613594,0.4919871794871795,0.6826434277414668,0.4480202150230041,0.466995773963125,0.5564787053426291,0.583025709712195,0.5691462805791313,0.5322070737008496,0.4685443200273528
0.5352537560629363,0.4711916102615525,0.4142830234372898,0.4915947148090006,0.679804581765366,0.4493313309018094,0.4700624555892143,0.5602355236065456,0.5857371533109014,0.5718089532368115,0.535203846407166,0.4715360287204034
0.5440080444812493,0.4742625553605749,0.4142561149530447,0.4867870225013083,0.684690037631214,0.4510715392500417,0.4745876809155167,0.5643896976483763,0.5896573127307178,0.5776335496754866,0.5413291180926036,0.4758098982819045
0.5426475807405655,0.4755786746887273,0.4165702445981218,0.4861329147043433,0.6811249752426223,0.4528355860687978,0.4720445790792476,0.5616804537080519,0.5916500604357912,0.5806290564153769,0.544227096094316,0.4772630139328148
0.5394534484798297,0.4774379543745299,0.4204181578451686,0.4855442176870749,0.6746550472040667,0.4556246871200744,0.4662104042783949,0.5563703355850161,0.59018000065336,0.5803627891496089,0.5428769017980636,0.4758098982819045
0.5368508221933042,0.4799030667669424,0.4247773322928719,0.4843341182626897,0.6677890011223343,0.4589620729933967,0.4626201428624855,0.5526496405736373,0.5892652967887362,0.5807621900482609,0.5426134492524535,0.4765364561073596
0.5457825624038803,0.4851884348625386,0.4275219976858704,0.4777276295133438,0.6694394929689047,0.4631814822760971,0.4643404764576087,0.5561535960697901,0.5951128679232955,0.5866866367115993,0.5477507738918528,0.4849987178391316
0.5583224890571395,0.4893039191108882,0.4271183704221941,0.4710230245944532,0.6769657357892651,0.4653507830937567,0.4703242454841243,0.5630170140519453,0.6012871190095065,0.5926443667831585,0.5523941250082329,0.4918369091375332
0.555719862770614,0.4875490933400184,0.4260151225681458,0.473116169544741,0.6768336964415395,0.4638727979212854,0.467818542204271,0.5603077701116209,0.6008297670771946,0.5928773506407056,0.5516696305078047,0.4896999743567826
0.5553058085886667,0.4884056154424668,0.4273336382961548,0.4725601779173208,0.6749851455733807,0.4649216906243295,0.4576461348591945,0.5511685872195933,0.5954068798797818,0.5891496089199534,0.5490680366199039,0.4854261047952817
0.5611025671359281,0.4931269323974263,0.4307510157952802,0.4672619047619048,0.6740608701393015,0.4691410999070299,0.4485956842065897,0.5448831412780407,0.5940021560876809,0.5890164752870694,0.5507804781663703,0.4882468587058723
0.5705075121258725,0.4995195119913094,0.4347065629793074,0.4596742543171115,0.6743909685086156,0.4745524327159169,0.4417891469389282,0.5395007766499296,0.594720851981314,0.5917457147611915,0.5565764341697952,0.495897085220959
0.5777238850112386,0.5030709450990223,0.4359981702230713,0.4548992673992674,0.6768997161154023,0.4771269875324799,0.439657429223232,0.5364664234367662,0.594982195942635,0.5926110833749376,0.5600671803991306,0.5023933669544406
0.5825150834023424,0.4999373276510404,0.4298092188467023,0.4560112506541078,0.687132765564138,0.4726215166034947,0.4381240884101874,0.5364664234367662,0.5911927085034793,0.5887834914295224,0.5576961074886386,0.5007265578254553
0.5903821128593398,0.4956964987047714,0.4207679681403546,0.4571886446886447,0.7025813692480358,0.4661851295620873,0.4379370956281088,0.5372972582451324,0.5851491293979288,0.581660842070228,0.551933083053415,0.4961535173946492
0.5987814976931267,0.4934194033592379,0.414040847079084,0.4566326530612245,0.7155872449990096,0.4619180433383394,0.4417517483825125,0.5414875555395008,0.5858024893012316,0.5806956232318189,0.5506816834617665,0.495256004786734
0.6037501478764936,0.4922913010779643,0.4103005677690176,0.4561420722135008,0.7229154287977817,0.4596057116975375,0.4512509817121059,0.5505544919264531,0.5908660285518279,0.5840239640539191,0.5522294671672264,0.4985041456534747
0.5916834260026027,0.4896799532046461,0.4123994295401341,0.4615057561486133,0.7136066547831252,0.4590574268754916,0.4564119824974756,0.552577394068562,0.5912253764986443,0.583957397237477,0.552525851281038,0.4992307034789299
0.5773098308292914,0.4858360491351216,0.414013938594839,0.4685047095761382,0.7036376840298408,0.4575794417030203,0.453120909532892,0.5484232200267313,0.5859984972722225,0.5788317523714428,0.5481130211420667,0.4946149243525088
0.5611617177333491,0.4813654215760006,0.4156015391652988,0.4764848246991104,0.6926123984947514,0.4557200410021693,0.4532331052021393,0.5465086876422354,0.5828297017412041,0.5758362456315527,0.5431403543436738,0.487050175228652
0.5443629480657755,0.4786287290047631,0.4197185372547964,0.4832548403976975,0.6782201095926585,0.4559822641779303,0.4606006208160365,0.5502655059061518,0.5845937734801215,0.5763687801630887,0.5413291180926036,0.4802119839302504
0.5397492014669348,0.4762053981783237,0.4186960148534833,0.4864272632129775,0.6768997161154023,0.4541467019476031,0.4688657017839112,0.5570928006357693,0.5874032210643233,0.5778332501248128,0.5410656655469933,0.4759808530643645
0.541819472376671,0.4764769783571488,0.4181040282000915,0.4856423338566196,0.6788142866574238,0.4540275095949844,0.4729421444332249,0.5620055629808909,0.5910293685276535,0.5814611416209019,0.5437331225712969,0.478288742627575
0.5384478883236721,0.4749728419821175,0.4177004009364153,0.4877681841967556,0.6773618538324421,0.4530024553624639,0.4725307603126519,0.5613192211826753,0.5905720165953415,0.5807621900482609,0.5431074227754725,0.4776476621933499
0.5289246421388856,0.469791927801454,0.4153593628070931,0.494440083725798,0.674919125899518,0.4490214307850008,0.4695014772429784,0.5579236354441354,0.5850511254124335,0.5730737227492095,0.5352697095435685,0.469356355244038
0.5267360700343074,0.465509317289212,0.4108387374539192,0.4983974358974359,0.6792764243744636,0.444563636797063,0.4702120498148772,0.5579236354441354,0.5812616379732776,0.5674155433516392,0.5290785747217283,0.4626036413368664
0.5286880397492015,0.4653839725912926,0.409789306568361,0.4979722658294087,0.6816531326335247,0.444039190445541,0.4749616664796739,0.5617888234656648,0.5822416778282318,0.5686137460475952,0.5295066851083449,0.4643986665526968
0.5336566899325683,0.4665956380045124,0.4090627774937438,0.4956501831501832,0.6853502343698421,0.4443967675033969,0.478589326451999,0.5658707510024203,0.5842017575381399,0.5705109003161923,0.5321412105644471,0.4682451491580477
0.53661421980362,0.4675148324559204,0.4089282350725184,0.4940803244374673,0.687132765564138,0.4448496984433479,0.4782901380006732,0.5646064371636023,0.5828950377315345,0.5697120985188883,0.5314825792004215,0.4661509530729122
0.5197562995386253,0.4631904403777053,0.4110270968436348,0.5021258503401361,0.6751832045949693,0.4433240363298291,0.4728299487639777,0.5584293609796627,0.5772761425631309,0.564353469795307,0.5266087071066324,0.4603384904692709
0.5166804684727316,0.4626681708030417,0.411753625918252,0.5034013605442177,0.6725424176404569,0.4433478748003528,0.470773028161113,0.5558646100494888,0.5741400150272779,0.5611582626060908,0.5234143449911085,0.4568766561244551
0.5250207027090974,0.4642976518759923,0.4100583914108119,0.4998037676609105,0.6792764243744636,0.4435385825645427,0.4746998765847638,0.5592601957880288,0.5780601744470942,0.5647861541021799,0.5261476651518145,0.4607231387298059
0.5315272684254111,0.4659689145149159,0.4092511368834593,0.4967294610151753,0.6838978015448604,0.4441107058571122,0.4791877033546506,0.5647870534262905,0.5826990297605437,0.5695456814777833,0.5313837844958177,0.4661509530729122
0.5280965337749911,0.4655510988551851,0.4102736592847725,0.4980049712192569,0.6807288571994453,0.4443252520918258,0.4790381091289877,0.5644619441534516,0.582307013818562,0.5687468796804792,0.5315484423368242,0.4661082143772972
0.522595528214835,0.4638171638673017,0.4105427441272233,0.5008503401360545,0.6773618538324421,0.4434670671529715,0.4752982534874154,0.5599465375862444,0.5789095423213878,0.5662506240639041,0.5283870117895014,0.4616633900333362
0.515734058913995,0.4620414473134452,0.4114038156230659,0.5041535845107274,0.672476397966594,0.4428234284488307,0.4753356520438311,0.5592601957880288,0.5796609062101858,0.5665834581461141,0.5271026806296516,0.4582442943841354
0.5161481130959423,0.4624174814072031,0.4116729004655168,0.5037611198325485,0.6723443586188683,0.443157167036163,0.4898088933767157,0.5756962756926634,0.5931201202182222,0.5745714761191546,0.5292103009945334,0.4540986409094794
0.517271974446942,0.4665956380045124,0.4165433361138767,0.5001635269492413,0.6669967650359806,0.4477103149061956,0.5030105837914657,0.5892063721417476,0.6036065466662311,0.5853885837909801,0.5359942040439966,0.4554235404735448
0.5223589258251509,0.4761218350463775,0.4264994752845573,0.4913003663003663,0.6576219713474615,0.4575556032324966,0.483974718575863,0.5678575298919916,0.5959622357975892,0.5953403228490597,0.5568069551472041,0.4769638430635097
0.5293386963208329,0.488489178574413,0.4392540968167263,0.4796899529042386,0.6458704693998811,0.4702615080216453,0.4432850891955571,0.5198497272694433,0.572996635196498,0.6015976035946081,0.5856220773233222,0.5124369604239679
0.5367916715958831,0.4968872733350046,0.446680838468369,0.4710557299843014,0.6409189938601703,0.4783427495291902,0.405849134223419,0.4764295777191778,0.5473195909967006,0.6033283408221002,0.6120990581571494,0.551884776476622
0.5641783982018219,0.4992270410294977,0.4372359604983452,0.4616365777080063,0.6677890011223343,0.4755059715368662,0.3858035079845918,0.4579705956724343,0.5182450752997289,0.5871858878349142,0.6188500296384114,0.5845371399264895
0.6018573287590204,0.5012952285451658,0.4227861044587358,0.4496336996336997,0.7065425496798046,0.4702615080216453,0.3840457758330529,0.4628472347650182,0.4975989023553624,0.5595606590114828,0.5997167885134691,0.6011197538251133
0.6155802673607004,0.5118241831703852,0.4300783036891532,0.4375981161695448,0.7052221562025484,0.479510834584853,0.3705074984105614,0.450709821912365,0.462611479533501,0.5198868364120486,0.5601989066719357,0.5965039746986922
0.6135099964509642,0.5334252527784742,0.4588434733471463,0.4212454212454213,0.6688453159041393,0.5045650671052946,0.3209170126033135,0.3939963154282411,0.4058018359413283,0.4908969878515559,0.5468945531186195,0.6141123172920763
0.6229149414409085,0.5626305673936659,0.4922099938110487,0.3958006279434851,0.6331286723443585,0.536008009726096,0.248251617487565,0.3083842069139905,0.332854202737578,0.4645698119487435,0.5475202529144438,0.6486451833490042
0.6061161717733349,0.5596014038606166,0.49592336463687,0.4027995813710099,0.6191985211593054,0.5359364943145248,0.2149669022775721,0.2509121121265759,0.2193002515435627,0.3531702446330503,0.4549166831324507,0.6161637746815968
0.5196971489412043,0.5102782652293808,0.4717057288162957,0.4652995813710099,0.6007130124777182,0.4970559488903192,0.2833314634055126,0.2980168334356826,0.1522981934598674,0.2209352637710101,0.3112033195020747,0.5020087186939055
0.4429788240861233,0.4714005180914181,0.4565293437020692,0.516941391941392,0.5764837921700666,0.468163722615557,0.3679643965742922,0.3808474515045335,0.1900950638659305,0.2104842735896155,0.2774155305275637,0.4350371826651851
0.3893292322252455,0.4518467452160106,0.4557489976589619,0.5470957613814756,0.5475011553442926,0.4566497413525948,0.4328882905119862,0.4477115919517394,0.2585018457417269,0.2625062406390414,0.3035302641111769,0.3971706983502863
0.3603454394889388,0.4303292387398679,0.4412453246508624,0.5719518576661434,0.5490856275170001,0.4379603804619895,0.5178204121320917,0.5350576165877976,0.3362843422299174,0.3215842902313197,0.3292168873081736,0.3546884349089666
0.369395480894357,0.4194660315868638,0.4231090062696768,0.5779369440083726,0.5764177724962037,0.423728813559322,0.5703279853397659,0.5939746414767185,0.3888471464506223,0.3660842070227991,0.3579002832114865,0.3475083340456449
0.3899798887968769,0.4210955126598145,0.4158437155235046,0.570970695970696,0.5968178517198124,0.4214403203890438,0.5782190807434834,0.6108442004118051,0.4205677697559701,0.4028290896987851,0.3885925047750774,0.3594324301222327
0.4093221341535549,0.4214924375365588,0.4075559023760192,0.5653126635269493,0.6177460883343235,0.4180075806336266,0.5737312539735967,0.6162265650399162,0.4509490052595472,0.4346480279580628,0.415102417177106,0.3728096418497307
0.4263575062108127,0.4207194785660567,0.3988375534806124,0.5612244897959184,0.6380141282102065,0.4136928174688312,0.5611279404614982,0.6102301051186649,0.4707784783247852,0.455383591279747,0.4330501218468023,0.3815283357551928
0.4421507157222288,0.4234143895713211,0.3950703656863009,0.5547161172161172,0.6514161220043572,0.4135736251162125,0.5499457720931973,0.6038001661669617,0.4862304400378949,0.4710600765518388,0.4470460383323454,0.3894777331395845
0.4665207618596949,0.4316035765020472,0.3945591044856443,0.5415685504971219,0.6656103518848616,0.4180075806336266,0.5454579453233106,0.6071235054004263,0.50896736467283,0.4932601098352471,0.4672330896397286,0.4073425079066587
0.4907725068023187,0.4441171555109885,0.39967171649221,0.5250850340136054,0.6729385356836336,0.4273999380199766,0.5472530760312653,0.6149622512010982,0.5360818006598935,0.5201198202695955,0.4907132977672397,0.4286691170185486
0.4984029338696321,0.4518885267819837,0.4061566611952749,0.5168759811616955,0.6692414339473163,0.4347183484707622,0.5418676839074013,0.6152512372213994,0.5545718859233609,0.5381927109335995,0.5059935454126325,0.4414052483118215
0.5001774517922631,0.4570067686136876,0.4119419853079676,0.5123953427524857,0.6631016042780747,0.4402011966912202,0.5226074273533042,0.5989957735794531,0.5620528568161772,0.5467132634381761,0.5124152012118818,0.4462347209163176
0.505086951378209,0.4645065597058577,0.4194225439281006,0.505167451596023,0.6566316762395193,0.4477818303177668,0.4948576984928382,0.5750460571469855,0.5689458037960211,0.5570311199866866,0.5216031087400381,0.4535857765620993
0.5143735951733113,0.471818333751149,0.4245889729031564,0.4968929879644166,0.6555093417838516,0.454242055829698,0.479262500467482,0.5632698768197089,0.5761654307275162,0.566417041105009,0.5310874003820063,0.4624754252500214
0.5204069561102567,0.4754324392078215,0.4264994752845573,0.4923796441653585,0.6564996368917937,0.4571741877041169,0.4788137177904933,0.5634143698298595,0.5828950377315345,0.5734398402396406,0.5380030297042745,0.4708522095905633
0.5209984620844671,0.4772290465446644,0.4285176116029384,0.4908097854526426,0.6543870073281837,0.4590812653460154,0.4767941957440443,0.562402918758805,0.5839730815719839,0.5752704276917956,0.5403411710465652,0.4727754508932387
0.5184549863953626,0.4759964903484582,0.4281139843392622,0.4924777603349032,0.6534627318941043,0.4581992419366374,0.4688283032274954,0.5552866380088863,0.5802162621279933,0.5722416375436844,0.5380030297042745,0.469484571330883
0.5201112031231515,0.4762680705272833,0.4277103570755859,0.4918236525379383,0.6549151647190863,0.4581754034661136,0.4657242230449905,0.5512047104721309,0.5793668942536997,0.5701447828257613,0.5368833563854312,0.4672621591589025
0.5287471903466225,0.4793390156263056,0.427737265559831,0.487015960230246,0.6596685812372086,0.4599394502848697,0.4676689479786081,0.5534082288769281,0.5829603737218647,0.5731402895656514,0.5405058288875716,0.4707667321993333
0.5328285815686739,0.4810311690482158,0.428060167370772,0.4845630559916274,0.6615171321053673,0.4610598583994851,0.4700250570327985,0.5573817866560705,0.5865538531900298,0.5767681810617407,0.5443917539353224,0.4752542952389093
0.5263220158523602,0.4809058243502966,0.4308586497322606,0.4864599686028258,0.6545190466759093,0.4622041049846241,0.4683421219940911,0.5562980890799408,0.5867498611610206,0.5778998169412547,0.5443917539353224,0.4761090691512095
0.5205844079025199,0.4787749644856689,0.4307241073110351,0.4897305075876505,0.6514161220043572,0.4609406660468664,0.462283555854744,0.5488928223097208,0.5812616379732776,0.5740389415876185,0.5405716920239741,0.4708949482861783
0.5171536732520998,0.4790883262304671,0.4326884266609261,0.4904173207744637,0.6471248432032746,0.4619895587499106,0.4607876135981151,0.5461835783693963,0.5800855901473327,0.5737393909136295,0.540538760455773,0.4692281391571929
0.5255530580858867,0.481302749227041,0.4317197212281032,0.486361852433281,0.6530005941770647,0.4628239052182412,0.4625079471932384,0.5479174944912041,0.5826336937702133,0.5770344483275086,0.5441283013897121,0.4731173604581588
0.5334792381403053,0.4848124007687808,0.432607701208191,0.4814233385661957,0.6563015778702053,0.4652077522706143,0.4668461797374622,0.5531914893617021,0.587795237006305,0.581527708437344,0.5490680366199039,0.4805538934951706
0.5321187743996214,0.4852093256455252,0.4337916745149746,0.4814887493458922,0.6541229286327326,0.4659705833273737,0.4657616216014062,0.5526496405736373,0.5882199209434518,0.581627558662007,0.5499571889613383,0.482861783058381
0.5224180764225719,0.4822010528954625,0.4343029357156311,0.4865253793825222,0.6481151383112167,0.4644687596843787,0.4592168742286548,0.5457500993389445,0.5820456698572408,0.5760692294890997,0.5448527958901404,0.4745277374134541
0.5163847154856265,0.4805506810395253,0.434921830853268,0.4894688644688645,0.6439558988578595,0.463825120980238,0.4557388084819926,0.5414875555395008,0.5781908464277548,0.5740056581793975,0.5430744912072714,0.4715787674160185
0.5249024015142553,0.4832247012618033,0.4344912951053467,0.4850536368393511,0.6492374727668845,0.4651600753295669,0.4578331276412731,0.5444496622475888,0.5812289699781126,0.5783657846563488,0.547190937232431,0.4768783656722797
0.5294569975156749,0.4852511072114982,0.4350294647902483,0.4821755625327054,0.6511520433089061,0.4665427066199433,0.4611615991622723,0.5483870967741936,0.5852798013785895,0.583291729073057,0.5514061779621946,0.4833319087101462
0.5281556843724122,0.4855017966073368,0.4359443532545811,0.4823717948717949,0.6492374727668845,0.467090991441989,0.4598900482441378,0.5475201387132898,0.5842997615236353,0.5830587452155099,0.5507146150299678,0.4829045217539961
0.5212350644741511,0.4850213085986463,0.4384468422893739,0.484628466771324,0.6423714266851521,0.4679253379103197,0.4544298590074423,0.5415236787920384,0.5789422103165529,0.5782992178399068,0.5461371270499902,0.4767501495854346
0.5211167632793091,0.4856062505222695,0.4392810053009714,0.4842032967032967,0.6412490922294843,0.4686166535555079,0.4496054452298142,0.5368637792146805,0.5756754108000393,0.5750374438342486,0.5427122439570573,0.474014873066074
0.5299893528924643,0.4879460182167627,0.4382315744154132,0.4799515960230246,0.6474549415725885,0.4694986769648859,0.4513257788249374,0.5385254488314127,0.5768514586259842,0.5763687801630887,0.5443917539353224,0.47790409436704
0.5300485034898852,0.4898261886855519,0.4406533379974706,0.4784471480900052,0.6445500759226248,0.4716441393120217,0.454205467668948,0.5412708160242748,0.5785828623697364,0.5786320519221169,0.5482447474148718,0.4850414565347465
0.5270909736188335,0.4906827107880003,0.443075101579528,0.4786106750392465,0.6399286987522281,0.473217478366588,0.453120909532892,0.5397175161651555,0.5762307667178466,0.5768347478781827,0.547553184482645,0.4835883408838362
0.5161481130959423,0.4885936324893457,0.4453892312246051,0.4832548403976975,0.6310160427807485,0.4730267706023981,0.447735517409028,0.5333598237185276,0.5703178595929569,0.5706773173572974,0.5430086280708687,0.4779468330626549
0.5123624748609962,0.4878415643018299,0.4461426687834674,0.4848901098901099,0.6279791377830592,0.4729314167203032,0.4422379296159168,0.5278690893328035,0.565809676260168,0.5658179397570311,0.5399459922281499,0.4746986921959142
0.5183366852005205,0.4901813319963232,0.4464386621101633,0.4813906331763475,0.6309500231068857,0.4744094018927746,0.4425371180672426,0.5279413358378788,0.5665610401489661,0.5673489765351971,0.5417901600474215,0.478032310453885
0.526026262865255,0.4939834544998746,0.4478379032909076,0.4763212977498692,0.6335247903875355,0.4771985029440511,0.4445940386701074,0.5309395657985045,0.5677697559700761,0.5690797137626892,0.5440624382533097,0.4841439439268314
0.522654678812256,0.4948190858193365,0.4504480262626806,0.4765829408686552,0.6283752558262361,0.4788433574101886,0.4430606978570627,0.5286276776360943,0.5642742804874065,0.5659843567981361,0.5419548178884278,0.4848705017522866
0.5146101975629954,0.4935447480571572,0.4524661625810618,0.4797880690737834,0.621443190070641,0.4790102267038547,0.4345712255506938,0.5188021529458513,0.5555845937734801,0.5582626060908636,0.534611078179543,0.478032310453885
0.5057376079498402,0.4924793181248432,0.455130102521325,0.4830913134484563,0.6131907308377896,0.4795823499964242,0.4291110363139983,0.5116858721959325,0.5481036228806638,0.5520053253453153,0.5298030692221564,0.4741003504573041
0.5125399266532592,0.4973886521266817,0.4583591206307348,0.4773678702250131,0.613058691490064,0.4838017592791246,0.4301207973372228,0.5112523931654807,0.5468949070595538,0.5514062239973372,0.5313837844958177,0.4791007778442602
0.5133088844197327,0.500919194451408,0.4625568441729677,0.4743916797488226,0.6083712946458044,0.4876635915039691,0.4310183626912001,0.5105299281147274,0.5448041553689851,0.5519720419370944,0.5328986366330766,0.4822207026241559
0.5111794629125754,0.502945600401103,0.4661356725775637,0.4734105180533752,0.6027596223674654,0.4904050156141982,0.4262687460264034,0.5046057146985515,0.5378458723988109,0.547279081377933,0.5306592899953896,0.4807675869732456
0.5033715840529989,0.5013579008941255,0.4676425476952883,0.4767791732077446,0.5965537730243612,0.4901666309089609,0.4155727588915068,0.4925044250984359,0.5248766783182517,0.5358961557663504,0.5221300138312587,0.4743995213266092
0.4911865609842659,0.5001671262638924,0.4716519118478056,0.4810962846677132,0.5848682907506436,0.4912632005530525,0.4078312577134523,0.4823176678828161,0.5134755480056189,0.5262106839740389,0.5143910953039583,0.4688007522010428
0.496510114752159,0.5053062588785828,0.4758496353900385,0.4756017791732078,0.5826896415131708,0.4960547331283225,0.4046897789745316,0.4787775891341256,0.5073666329097384,0.5228157763354967,0.512217611802674,0.4702538678519531
0.4973973737134746,0.5095470878248517,0.480908430428114,0.4720368916797489,0.5769459298871064,0.5007270733509738,0.4041288006282958,0.4763573312141025,0.5023030936591422,0.5203860875353635,0.5108344859382205,0.4732028378493889
0.4918963681533183,0.5114690398596139,0.4858865000134542,0.4720368916797489,0.5677691952201755,0.5040406207537724,0.398706009948016,0.4687714481811942,0.4921760151579498,0.5116325511732401,0.5046762826845814,0.4710659030686384
0.4785874837335857,0.5106542993231387,0.4908914780830396,0.4763540031397175,0.5542351620782993,0.5057808291020048,0.3873742473540522,0.4552974749846477,0.4770180654013263,0.4980196372108503,0.4943028387011789,0.4645268826395419
0.4719626168224299,0.5102155928804212,0.4933401501493421,0.47854526425955,0.5475011553442926,0.5066151755703354,0.3797075432888291,0.4446049922335007,0.4628074875044919,0.4860376102512896,0.4845550945136008,0.4587144200359005
0.4723175204069561,0.512847831536726,0.4965422597745069,0.4763867085295657,0.5437380339341124,0.5095473074447544,0.376491267437077,0.4394032438680779,0.4546404887132077,0.4795806290564153,0.4801751959428308,0.4593555004701257
0.4746835443037975,0.5166081724743044,0.5003363560530636,0.4727891156462585,0.5404370502409717,0.5133614627285514,0.3732001944724933,0.4342737420077304,0.4467348338832446,0.474022299883508,0.4773101495093196,0.4622617317719463
0.4726132733940613,0.5181331996323222,0.5032693808357775,0.4721677132391418,0.5356836337228493,0.5155307635462109,0.367590411010135,0.4261821334392948,0.4357910555029238,0.4656015976035945,0.4706579727326615,0.4604239678605009
0.4614338104814858,0.5169215342191025,0.5067674837876383,0.4762231815803245,0.5251204859047995,0.5163889484850652,0.35749280077789,0.4133945020409637,0.4200450818333279,0.4524213679480778,0.4591648554304156,0.452260876998034
0.4490121850230687,0.5153547254951115,0.5103732206764793,0.4808673469387755,0.5138311216742588,0.5170802641302534,0.3502374808332398,0.4033883610880324,0.4067492078011173,0.4405724746214012,0.4501086741750642,0.4459355500470126
0.4524429196734887,0.5177362747555778,0.511907004278449,0.4780546834118263,0.5138311216742588,0.5191303725952943,0.3458618497326003,0.3982949824802225,0.3991375649276404,0.4337160925278748,0.4456629124678917,0.4443969570048723
0.4531527268425411,0.520076042450071,0.5145709442187122,0.4760269492412349,0.510992275698158,0.5216334120002861,0.3465350237480833,0.397500270924394,0.3941066936722094,0.4302213346646696,0.4431601132845946,0.4458073339601675
0.4506684017508577,0.520493858109802,0.5162661787261523,0.4763867085295657,0.507493232983429,0.5226346277622828,0.3446276973708815,0.3937434526604775,0.3872137466923655,0.4243967382259943,0.4374300204175723,0.4441405248311821
0.440790251981545,0.5172766775298738,0.5166159890213384,0.4816195709052852,0.501551462335776,0.5209659348256216,0.338905718239276,0.3869161579308601,0.3784260559929437,0.4150108171076718,0.4295264440492656,0.4378579365757757
0.4370637643440199,0.5145608757416228,0.514813120576918,0.4847919937205652,0.5016835016835016,0.5186059262437722,0.3369983918620742,0.3835205721923203,0.3731991767665218,0.4091529372607754,0.4233682407956267,0.4314471322335242
0.4452265467881225,0.5145399849586362,0.5110728412668515,0.4825353218210361,0.5108602363504323,0.516937233307111,0.3432439507834998,0.3896976483762597,0.3760412923458887,0.4102180063238475,0.4233023776592241,0.4342678861441149
0.4490121850230687,0.5145608757416228,0.5094045152436563,0.4814887493458922,0.5150194758037895,0.5162220791913991,0.3509854519615543,0.3974280244193188,0.3827708993499069,0.4159760359460808,0.4281433181848119,0.4393537909223011
0.4500768957766474,0.5123464527450489,0.5060409547130211,0.4829277864992151,0.519706872648049,0.5134568166106462,0.3557724671827668,0.403316114582957,0.3884551305086407,0.419137959727076,0.4303168016860963,0.4384562783143859
0.4472968176978588,0.5065388150747889,0.4998250948524069,0.4882260596546311,0.5257806826434276,0.5074018450976185,0.358165974793373,0.4065310840588086,0.3916892620299892,0.418538858379098,0.427682276229994,0.4308060517992991
0.4435703300603336,0.5009609760173811,0.4943357640664101,0.4936551543694401,0.5304020598138245,0.501775966054018,0.3623172145555182,0.41252754398006,0.3978635131162001,0.4204360126476951,0.4272541658433775,0.4252500213693478
0.4572932686620135,0.5021726414306008,0.4896536878077658,0.4889128728414443,0.5438040536079751,0.5003933347636416,0.3749579266240323,0.4276270635408012,0.4132501388389795,0.4320186387086037,0.4354541263254956,0.4303786648431489
0.4675263220158524,0.5008983036684215,0.4833301940101714,0.4870813710099425,0.5573380867498514,0.4968652411261293,0.3876734358053779,0.4441715132030488,0.429878148378034,0.4457979697120984,0.4448066916946585,0.4369604239678605
0.472140068614693,0.4980571571822512,0.4775986868659688,0.4879971219256934,0.566910939459959,0.4927173472550001,0.3976962489247915,0.4568146515912293,0.4440887262748685,0.455516724912631,0.4515247316077191,0.4376869817933157
0.470306400094641,0.4937118743210495,0.4728358851545892,0.491921768707483,0.5717303756519442,0.48811652244392,0.4029320468229926,0.4632084672903949,0.4541504687857307,0.4614744549841903,0.4542909833366265,0.4338404991879648
0.4682952797823258,0.4889696665831035,0.4676425476952883,0.4961734693877551,0.5770119495609691,0.4831104436339364,0.4069336923594749,0.4702525015352382,0.4641142073110973,0.4689965052421367,0.4577487979977607,0.4320454739721344
0.477345321187744,0.488071362914682,0.4623684847832521,0.4944073783359498,0.5884993728130983,0.4802498271710887,0.4178914693892815,0.4839793374995484,0.479827512985528,0.4827758362456315,0.467628268458144,0.4388409265749209
0.4884064829054773,0.4893248098938748,0.4589511072841267,0.4903519099947672,0.5988644616095595,0.4794631576438055,0.429821608885897,0.499476212838204,0.4972722224037111,0.4978532201697453,0.4796482908516103,0.4473886656979229
0.4925470247249497,0.4884265062254533,0.4559104485644323,0.4899267399267399,0.6048722519310754,0.4776037569429545,0.4359549721380755,0.5094823537911354,0.5097513965567934,0.5075386919620569,0.4864651254692748,0.4507222839558937
0.4921921211404235,0.485167544079552,0.45187417592767,0.4925431711145997,0.6096256684491977,0.4739564709528236,0.4368151389356371,0.5121554744789221,0.5157623076671785,0.5120652354801131,0.488506882697754,0.447858791349688
0.492961078906897,0.4827024316871396,0.4483491644915642,0.4942765567765568,0.614445104641183,0.471000500607881,0.4392086465462433,0.5170682368240437,0.5236352945019764,0.5185555000832085,0.4929526444049266,0.4454226856996325
0.5014196143381048,0.4835171722236149,0.4455775906143207,0.4913003663003663,0.622499504852446,0.4702138310805978,0.4462395751523991,0.5257378174330817,0.5356244487275816,0.529206190713929,0.502371072910492,0.451918967433114
0.5115935170945226,0.4850421993816328,0.4428867421898124,0.487277603349032,0.6314781804977883,0.4699039309637893,0.4549534387972624,0.5361051909113896,0.548136290875829,0.5399234481610916,0.5120200223934664,0.4615779126421062
0.5168579202649947,0.4857942675691485,0.441460592524823,0.4852498691784406,0.6362315970159107,0.4696893847290758,0.4600396424698007,0.5418487880648774,0.5561072816961223,0.54618072890664,0.5171244154646645,0.4646550987263869
0.5123624748609962,0.484895963900727,0.4423485725049108,0.4872121925693354,0.6326005149534562,0.4695701923764571,0.4590672800029919,0.5406928439836723,0.5582307013818562,0.5479114661341321,0.5176183889876835,0.460851354816651
0.5169170708624157,0.4834127183086822,0.4383661168366385,0.4870813710099425,0.6400607380999537,0.4669717990893705,0.4565615767231385,0.5409818300039736,0.5608768089902323,0.5500416042602762,0.5184087466245142,0.4569621335156851
0.5211167632793091,0.485125762513579,0.4386621101633345,0.4845957613814757,0.642041328315838,0.468068368733462,0.4603014323647107,0.5474840154607521,0.5676064159942505,0.5573972374771176,0.5235790028321149,0.4618343448157962
0.5236010883709925,0.4870268237653547,0.4399806258913435,0.4824372056514914,0.6417772496203867,0.4697370616701232,0.4667713826246307,0.5555033775241123,0.5758060827806998,0.5659843567981361,0.5309227425409998,0.469612787417728
0.5238968413580977,0.486274755577839,0.4389042865215403,0.4829277864992151,0.6432957021192315,0.4688311997902215,0.4681551292120124,0.5570566773832316,0.5793668942536997,0.5692461308037943,0.5325693209510637,0.4716642448072485
0.5221223234354667,0.4854182334753906,0.4385813847105992,0.4840724751439038,0.6427015250544661,0.4682113995566045,0.4669583754067093,0.5562980890799408,0.5786808663552319,0.5686803128640372,0.5301323849041691,0.4677322848106676
0.515734058913995,0.4827024316871396,0.4379893980572074,0.4879971219256934,0.6397966594045025,0.4663996757968008,0.462956729870227,0.5532276126142398,0.5776354905099474,0.5675153935763022,0.5283540802213001,0.4638430635097017
0.5179817816159944,0.482911339517005,0.4372359604983452,0.4871794871794872,0.642041328315838,0.4661851295620873,0.4641908822319459,0.5550337752411227,0.5815229819345987,0.5716092527874853,0.532009484291642,0.4647405761176169
0.5266769194368863,0.4859405030500543,0.4371821435298549,0.4824372056514914,0.646926784181686,0.4678776609692722,0.4705860353790344,0.5616804537080519,0.5880239129724609,0.5785322016974538,0.5385957979318976,0.4717497221984785
0.5220040222406247,0.4854600150413637,0.4386890186475796,0.484105180533752,0.642437446359015,0.4682829149681757,0.4724185646434048,0.5634143698298595,0.5903760086243508,0.5815942752537859,0.5414937759336099,0.4745277374134541
0.5162664142907843,0.4844154758920364,0.4399537174070985,0.486492673992674,0.6377500495147553,0.4682352380271282,0.468080332099181,0.5585738539898133,0.5873052170788279,0.5788650357796639,0.5380359612724759,0.4689717069835029
0.5163255648882054,0.4834127183086822,0.4386352016790895,0.487277603349032,0.6393345216874629,0.467090991441989,0.4655746288193276,0.5559007333020265,0.5852471333834243,0.5771342985521717,0.5360271356121978,0.464911530900077
0.5220631728380457,0.4856271413052561,0.4388773780372952,0.4839416535845108,0.6422393873374265,0.4684736227323655,0.4684169191069225,0.5583209912220497,0.5885139328999379,0.5796305541687469,0.5392214977277218,0.4691854004615779
0.5296935999053591,0.4886563048383053,0.4393079137852164,0.4794610151753009,0.6460025087476067,0.470380700374264,0.4733535285537978,0.5635227395874725,0.593773480121525,0.584323514727908,0.5435684647302904,0.4758098982819045
0.527800780787886,0.4887189771872649,0.4402497107337944,0.4799515960230246,0.6437578398362711,0.4708336313142149,0.4739519054564494,0.562836397789257,0.5945248440103231,0.5847561990347812,0.5445564117763289,0.4758953756731344
0.5195788477463622,0.4866925712375699,0.4414067755563329,0.4837781266352695,0.6378160691886181,0.4701899926100741,0.4706234339354501,0.5596936748184806,0.5909640325373232,0.5814611416209019,0.541032733978792,0.4723480639370886
0.5183366852005205,0.4848332915517673,0.4395500901434223,0.4855769230769231,0.6394005413613256,0.4683067534386994,0.4669583754067093,0.557020554130694,0.5888732808467545,0.5778665335330337,0.5382664822498848,0.4690571843747329
0.5273867266059387,0.4872984039441798,0.4386082931948443,0.4811616954474098,0.6456063907044298,0.469307969200696,0.469015296009574,0.5603077701116209,0.5920747443729378,0.5801298052920619,0.5407363498649805,0.4713223352423284
0.5359635632319887,0.4905991476560541,0.4389850119742755,0.4761904761904762,0.6498976695055125,0.4713580776657369,0.4736153184487079,0.5642813278907632,0.5964849237202313,0.5854218671992012,0.5459724692089837,0.4772630139328148
0.5276824795930438,0.4896590624216596,0.4415144094933133,0.4792320774463632,0.6421733676635637,0.4719302009583065,0.4738397097872022,0.563775602355236,0.5964522557250662,0.5854884340156431,0.5469933478232233,0.4789298230618002
0.5213533656689933,0.4872566223782067,0.4412991416193526,0.4828623757195186,0.6389384036442859,0.4704760542563589,0.4687161075582483,0.5586461004948886,0.5917807324164516,0.5802629389249458,0.5420206810248305,0.4721771091546286
0.5217082692535195,0.4871730592462605,0.4410300567769017,0.4828296703296703,0.6394005413613256,0.4703091849626928,0.4669583754067093,0.5560813495647148,0.5898206527065435,0.5774671326343818,0.5406046235921754,0.4704248226344132
0.5280965337749911,0.4889905573660901,0.4404649786077551,0.4796572475143904,0.6436918201624083,0.4710720160194522,0.4685665133325853,0.5576707726763718,0.5921400803632682,0.5791978698618738,0.5434696700256866,0.4741858278485341
0.5311132142434639,0.4920823932480989,0.443075101579528,0.4763867085295657,0.6421733676635637,0.4740041478938711,0.4730917386588877,0.5625835350214934,0.5962889157492406,0.584323514727908,0.5474543897780412,0.4795709034960253
0.5269726724239915,0.4920406116821259,0.4448779700239486,0.4775641025641026,0.6376840298408925,0.4747669789506305,0.474400688133438,0.5634866163349348,0.5966155957008918,0.5845897819936761,0.5472238688006322,0.4794426874091802
0.5243700461374661,0.4901186596473635,0.4436132712644297,0.4797880690737834,0.6377500495147553,0.4731221244844931,0.4693144844608998,0.5575262796662211,0.5916827284309562,0.5801630887002828,0.5426793123888559,0.4730746217625438
0.5222406246303087,0.4870477145483413,0.4406264295132255,0.4827642595499739,0.6401927774476793,0.4700469617869317,0.4634803096600471,0.5523967778058737,0.5865538531900298,0.5758029622233316,0.5385299347954949,0.4679032395931276
0.5234827871761505,0.4877997827358569,0.4410300567769017,0.4818485086342229,0.6403908364692679,0.4706667620205488,0.4646770634653502,0.5540223241700682,0.5884159289144425,0.5783990680645698,0.5407692814331819,0.4714505513291734
0.5322370755944635,0.4911423080137043,0.4413529585878427,0.4768118785975929,0.6448801742919389,0.4727168704855896,0.469015296009574,0.5587905935050392,0.5925647643004149,0.5835579963388251,0.5467957584140157,0.4789298230618002
0.5357269608423045,0.4913512158435698,0.4400344428598338,0.4756998953427525,0.6484452366805307,0.472240101075115,0.4687161075582483,0.5595853050608677,0.5924340923197544,0.5836578465634881,0.5469933478232233,0.4789298230618002
0.5272684254110966,0.4892621375449151,0.4411915076823722,0.4796572475143904,0.6423054070112894,0.4715487854299268,0.4661356071655634,0.5545641729581332,0.5885139328999379,0.5793642869029788,0.541856023183824,0.4731600991537739
0.5282148349698332,0.4896590624216596,0.4412991416193526,0.479068550497122,0.6427015250544661,0.4718348470762116,0.4628071356445641,0.5511324639670556,0.5850184574172683,0.5759693792644367,0.538068892840677,0.4705957774168732
0.5301668046847273,0.4901604412133366,0.4410300567769017,0.4781527995813711,0.6441539578794481,0.4720017163698777,0.4644900706832716,0.5538778311599176,0.5864231812093692,0.5784323514727907,0.540308239478364,0.4746132148046842
0.53661421980362,0.4915810144564218,0.4399268089228534,0.4752420198848771,0.6491054334191588,0.4723116164866862,0.4691648902352369,0.5591157027778781,0.5908986965469929,0.583191878848394,0.5451491800039517,0.4795709034960253
0.5371465751804093,0.4912676527116236,0.4392810053009714,0.47537284144427,0.6501617482009638,0.4718586855467353,0.4675193537529452,0.5578875121915977,0.5896899807258829,0.5820602429688799,0.543864848844102,0.4776904008889648
0.5317047202176742,0.488530960140386,0.4382315744154132,0.4790031397174255,0.6484452366805307,0.4698324155522181,0.4642656793447773,0.5532276126142398,0.5851491293979288,0.5779331003494758,0.5406046235921754,0.4728181895888538
0.5302259552821484,0.4880295813487089,0.4382584828996583,0.4797880690737834,0.6475869809203142,0.4695701923764571,0.4611242006058567,0.5499042733807752,0.5821763418379015,0.5756698285904476,0.5377066455904631,0.469441832635268
0.527800780787886,0.4888025403192111,0.4403573446707747,0.4798534798534799,0.6436918201624083,0.4709289851963098,0.4632185197651371,0.5514214499873569,0.5836464016203325,0.5765684806124146,0.5391885661595206,0.4711941191554834
0.5341890453093576,0.4913094342775967,0.4406802464817157,0.476157770800628,0.6467947448339605,0.4725023242508761,0.467818542204271,0.5564425820900915,0.5882199209434518,0.5807621900482609,0.544095369821511,0.4765364561073596
0.5318821720099373,0.4903693490432022,0.4405187955762452,0.477498691784406,0.6457384300521555,0.4719063624877828,0.466995773963125,0.5560091030596395,0.5871092091078371,0.5797304043934098,0.5443917539353224,0.4763227626292846
0.5245474979297291,0.4888025403192111,0.4418373113042542,0.4807692307692308,0.6400607380999537,0.4715964623709743,0.4635925053292943,0.5514936964924322,0.5829603737218647,0.5768680312864037,0.5406046235921754,0.4719206769809385
0.522654678812256,0.4874028578591126,0.4408955143556763,0.4824045002616431,0.6401267577738166,0.470380700374264,0.4593664684543177,0.5471589061879132,0.5797915781908465,0.5735064070560825,0.5364223144306132,0.4677322848106676
0.52975275050278,0.4895128269407537,0.4403842531550198,0.4787742019884877,0.6447481349442133,0.4713342391952133,0.4619843674034183,0.5497597803706246,0.5820130018620758,0.5741720752205025,0.5382335506816834,0.4707667321993333
0.5385661895185141,0.4929598061335338,0.4408416973871862,0.4736394557823129,0.6490394137452961,0.4735035400128728,0.466733984068215,0.5536972148972293,0.5861291692528829,0.5783657846563488,0.5431732859118752,0.4771775365415847
0.5382112859339879,0.4934611849252109,0.4416489519145386,0.4733451072736788,0.6478510596157654,0.4741710171875372,0.4690526945659898,0.555214391503811,0.5868151971513508,0.5797636878016309,0.5435684647302904,0.4785024361056501
0.5237193895658346,0.4890532297150497,0.4425369318946264,0.480801936159079,0.6387403446226975,0.4720493933109251,0.4660234114963162,0.5516381895025828,0.5822416778282318,0.5752371442835746,0.5378713034314694,0.4707239935037183
0.5201112031231515,0.4878415643018299,0.4425907488631165,0.4827642595499739,0.6366277150590876,0.4713819161362607,0.4614981861700138,0.5475923852183651,0.578974878311718,0.5715759693792645,0.5347098728841467,0.4675185913325926
0.526262865254939,0.4894710453747806,0.4419180367569895,0.4797880690737834,0.6409189938601703,0.4720017163698777,0.4623583529675755,0.5487844525521078,0.5803142661134887,0.5728074554834415,0.5368833563854312,0.469484571330883
0.5333609369454632,0.4923330826439374,0.4423754809891559,0.4755690737833595,0.6442859972271737,0.4738372786002049,0.4666591869553836,0.5539500776649929,0.5852471333834243,0.5780662339823598,0.5425805176842522,0.4752970339345243
0.5356678102448835,0.4922077379460182,0.4411645991981271,0.4750130821559393,0.6470588235294117,0.4732413168371118,0.4673697595272823,0.5555033775241123,0.5857044853157362,0.5793310034947577,0.5433708753210829,0.4762372852380546
0.5263811664497812,0.4898261886855519,0.4423216640206657,0.4794610151753009,0.6404568561431306,0.4723831318982574,0.4631437226523057,0.5505544919264531,0.5815883179249289,0.5755699783657846,0.5388592504775078,0.4703393452431832
0.5233053353838873,0.4887816495362246,0.4423754809891559,0.4811289900575615,0.6386743249488346,0.4718110086056878,0.4590672800029919,0.5470866596828379,0.5781908464277548,0.5729073057081044,0.5357966146347889,0.4670912043764424
0.526203714657518,0.4904111306091752,0.4431827355165084,0.479068550497122,0.6393345216874629,0.4730982860139694,0.4604884251467894,0.5482787270165806,0.5798242461860116,0.5741720752205025,0.5371468089310413,0.469356355244038
0.5328285815686739,0.4932522770953455,0.4438016306541452,0.4749803767660911,0.6422393873374265,0.4749815251853441,0.4653502374808333,0.553624968392154,0.5842017575381399,0.5786986187385588,0.5417572284792201,0.4742713052397641
0.5362593162190938,0.4935238572741706,0.4425907488631165,0.4738356881214025,0.6456724103782926,0.4746239481274881,0.4667713826246307,0.5550337752411227,0.5851817973930941,0.5790314528207687,0.5426463808206546,0.4752542952389093
0.5292203951259907,0.4906409292220272,0.4420525791782149,0.478021978021978,0.6423714266851521,0.4727407089561134,0.4629941284266428,0.5503377524112272,0.5814249779491033,0.5748044599767016,0.5388592504775078,0.4724762800239337
0.5240151425529398,0.4888861034511573,0.4421602131151952,0.4808346415489273,0.6393345216874629,0.4717871701351641,0.4582071132054303,0.5463641946320846,0.5772434745679659,0.5700782160093193,0.5349733254297571,0.4682878878536627
0.5283922867620963,0.4909125094008523,0.4428060167370772,0.4780546834118263,0.640985013534033,0.473217478366588,0.4598526496877221,0.5485677130368819,0.5789422103165529,0.5720752205025794,0.5355990252255812,0.469441832635268
0.5337158405299894,0.4925210996908164,0.4424562064418912,0.4753074306645735,0.6444180365748993,0.4739803094233474,0.4641160851191144,0.5522884080482607,0.5828297017412041,0.5768347478781827,0.5392873608641244,0.4729036669800838
0.5343664971016208,0.4923748642099105,0.4419718537254797,0.4752747252747253,0.6453423120089786,0.4736704093065388,0.4650510490295075,0.5529386265939386,0.5835483976348371,0.5782326510234648,0.540901007705987,0.4751260791520643
0.5312315154383059,0.4910796356647447,0.4417296773672738,0.4771389324960754,0.6438898791839968,0.4728360628382083,0.4611242006058567,0.5483148502691182,0.5802162621279933,0.5753037111000165,0.5376737140222617,0.4711086417642534
0.5255530580858867,0.4898052979025653,0.4426714743158518,0.4796899529042386,0.6395986003829139,0.4725261627213998,0.458244511761846,0.5448831412780407,0.5761654307275162,0.5721750707272424,0.5343146940657314,0.4673903752457475
0.527800780787886,0.4911840895796774,0.4434249118747141,0.478021978021978,0.6398626790783652,0.4736465708360152,0.4591420771158233,0.5459668388541705,0.5769167946163145,0.5739058079547346,0.5355331620891788,0.4676468074194376
0.5312315154383059,0.491936157767193,0.4428329252213223,0.4764848246991104,0.6425034660328777,0.4738134401296813,0.4629941284266428,0.5500487663909259,0.58064094606514,0.5778332501248128,0.5385957979318976,0.4711513804598684
0.527800780787886,0.4915601236734352,0.4439092645911256,0.4776949241234956,0.6393345216874629,0.4740756633054424,0.465387636037249,0.5525051475634866,0.5823396818137272,0.5798302546180728,0.5394520187051307,0.474014873066074
0.5285697385543594,0.4902022227793097,0.4418104028200092,0.4785779696493982,0.6423054070112894,0.4723592934277336,0.4615355847264296,0.5486399595419572,0.5787462023455622,0.5751705774671326,0.5349403938615557,0.4701683904607232
0.5275641783982019,0.4900768780813905,0.442106396146705,0.4789377289377289,0.64138113157721,0.4724308088393049,0.4583567074310932,0.5456056063287938,0.5757407467903695,0.5716425361957064,0.5315484423368242,0.4671766817676724
0.5305217082692536,0.4906827107880003,0.4415413179775583,0.4776622187336473,0.6436918201624083,0.4725261627213998,0.458244511761846,0.5461835783693963,0.5773741465486264,0.5727076052587785,0.5332938154514918,0.4680741943755876
0.5343073465041998,0.4924793181248432,0.4421333046309501,0.4752093144950288,0.6451442529873902,0.4738134401296813,0.4620217659598339,0.5506989849366037,0.5813923099539382,0.5773339990014977,0.5381018244088783,0.4741858278485341
0.5316455696202532,0.4930015876995069,0.4440168985281059,0.4755363683935112,0.6413151119033472,0.4749338482442966,0.466472194173305,0.5542751869378318,0.5842670935284702,0.5801298052920619,0.540538760455773,0.4758098982819045
0.5269726724239915,0.4920615024651124,0.4449317869924387,0.4775313971742543,0.6376180101670298,0.474814655891678,0.4634803096600471,0.5505906151789908,0.5802162621279933,0.5768347478781827,0.5368504248172298,0.4721343704590136
0.5281556843724122,0.493690983538063,0.4464924790786534,0.4759288330716902,0.6363636363636364,0.4764356718872917,0.4590672800029919,0.5457139760864068,0.5786155303649015,0.5759693792644367,0.5350721201343609,0.469356355244038
0.5337749911274104,0.4989763516336592,0.4507440195893765,0.4702380952380952,0.6342510068000263,0.4813463968151804,0.4593664684543177,0.5464003178846224,0.5833197216686812,0.5813612913962389,0.5406704867285781,0.4746559535002991
0.5406956110256714,0.5037394501545918,0.4537308613405807,0.4646127681841968,0.6344490658216148,0.4853750983336909,0.4612363962751038,0.5489289455622585,0.5892652967887362,0.5881843900815443,0.5478166370282553,0.4823061800153859
0.5406364604282503,0.5062254533299908,0.4569598794499905,0.4626831501831502,0.6304218657159834,0.4882357147965386,0.4612737948315196,0.5501932594010764,0.592336088334259,0.5923448161091696,0.5506158203253638,0.4855115821865117
0.5387436413107773,0.5060374362831119,0.4575787745876275,0.4633372579801151,0.6286393345216874,0.4884025840902047,0.4576087363027787,0.5471227829353755,0.590441344614681,0.5904143784323514,0.5478825001646578,0.4829899991452261
0.5426475807405655,0.5046586446059997,0.4539999461830315,0.4633372579801151,0.6351752822341057,0.4860187370378316,0.4517371629455103,0.5425712531156306,0.5876318970304792,0.5874188716924612,0.5447210696173351,0.4775194461065048
0.5452502070270909,0.5071446477813988,0.4560449909856578,0.4606881214024071,0.6341189674523007,0.4883310686786336,0.4494558510041513,0.5428241158833942,0.5905720165953415,0.5916125811283075,0.549562010142923,0.482562612189076
0.5526440317047202,0.5132865379794435,0.4605925248230767,0.4538526949241235,0.6326665346273189,0.4938615938401392,0.4478851116346909,0.5442329227323628,0.595929567802424,0.5985355300382759,0.5581900810116578,0.4917941704419181
0.562877085058559,0.5191150664326899,0.4634179156688104,0.4464612768184197,0.6349112035386544,0.4984385801806956,0.4399192191181421,0.5371888884875194,0.5952762078991213,0.6009319354301881,0.5622077323322137,0.4994016582613899
0.5621081272920857,0.5190523940837303,0.4637139089955063,0.4467229199372057,0.6341189674523007,0.4985339340627905,0.427540296944538,0.5249069826247156,0.5855738133350756,0.5935097353969047,0.5570045445564118,0.4970937686981793
0.5691470483851887,0.5179660733684298,0.4591125581895972,0.4456109366823653,0.6437578398362711,0.4958878638346564,0.4227906802797412,0.5211862876133367,0.5789422103165529,0.5866866367115993,0.5516037673714023,0.4938883665270536
0.5816869750384479,0.516253029163533,0.4511745553372978,0.4434850863422292,0.6604608173235623,0.4913823929056711,0.4286996521934254,0.5271105010295127,0.5790402143020483,0.5859544017307372,0.5520648093262202,0.4963672108727242
0.588785046728972,0.5131820840645107,0.4440168985281059,0.4439429618001047,0.6732026143790849,0.4864478295072588,0.4369273346048843,0.5367915327096052,0.5830910457025252,0.5886503577966383,0.5549627873279325,0.499700829130695
0.590500414054182,0.5088994735522687,0.4376934047305116,0.4467883307169022,0.681917211328976,0.481203365992038,0.4443322487751973,0.543907813459524,0.5855738133350756,0.5897487102679313,0.5564447078969901,0.5006410804342252
0.5771323790370283,0.5039483579844573,0.4374243198880608,0.4543759811616955,0.6747870865517923,0.478271234117619,0.4421257339466697,0.5387783115991763,0.5794322302440299,0.5824263604593111,0.5489692419153,0.4929053765279084
0.5668401750857684,0.5015250271580178,0.4389850119742755,0.4591182626896913,0.6671288043837063,0.4775799184724308,0.437376117281873,0.5311201820611928,0.5712978994479109,0.5739390913629555,0.5417901600474215,0.4860244465338918
0.5588548444339289,0.5011698838472466,0.4421602131151952,0.4616038723181581,0.6587443058031293,0.4787718419986174,0.4431354949698942,0.5341184120218184,0.5729639672013328,0.5761025128973206,0.5421853388658368,0.4851269339259766
0.5446587010528806,0.5001462354809059,0.447299733606006,0.4663134484563057,0.6445500759226248,0.4804643734058023,0.4569729608437115,0.5453527435610303,0.5808369540361309,0.5827259111333,0.5456431535269709,0.4865373108812719
0.5270318230214126,0.4944012701596055,0.4479186287436428,0.4756998953427525,0.6339209084307122,0.4774845645903358,0.4651632446987547,0.5505183686739155,0.5828623697363693,0.582859044766184,0.543502601593888,0.4804684161039405
0.5168579202649947,0.4878415643018299,0.4440976239808412,0.4836473050758765,0.6329306133227701,0.4720493933109251,0.4660982086091477,0.5501571361485389,0.5787462023455622,0.5764020635713096,0.5367845616808273,0.4707239935037183
0.5099373003667337,0.4828277763850589,0.440787880418696,0.4895015698587128,0.6331286723443585,0.4677107916756061,0.4633307154343842,0.5460752086117834,0.5710692234817549,0.5673156931269762,0.5283211486530989,0.460851354816651
0.5094049449899445,0.4822010528954625,0.4401958937653042,0.4901229722658294,0.6335908100613983,0.467090991441989,0.4649014548038446,0.5464003178846224,0.5700565156316357,0.56578465634881,0.5268062965158401,0.4583725104709804
0.5131314326274695,0.4827651040360993,0.4392540968167263,0.4886512297226583,0.636825774080676,0.4669956375598941,0.4682673248812596,0.5508073546942167,0.5728006272255072,0.5687801630887003,0.5291444378581308,0.4621762543807163
0.5098781497693127,0.4825979777722069,0.4405187955762452,0.4896978021978022,0.6334587707136726,0.467448568499845,0.4702120498148772,0.5523967778058737,0.5745320309692595,0.5698119487435513,0.5296713429493513,0.4640140182921617
0.5091091920028392,0.4815743294058661,0.4395500901434223,0.4907116692830979,0.6341849871261636,0.4664473527378484,0.466995773963125,0.5484232200267313,0.5708732155107642,0.5667498751872192,0.5266416386748337,0.4599965809043508
0.5012421625458418,0.4788376368346285,0.4395769986276673,0.4950287807430665,0.6297616689773552,0.4648978521538058,0.4631437226523057,0.5431131019036954,0.5663977001731404,0.5626892993842569,0.5226569189224791,0.4546542439524746
0.5041996924168934,0.4805088994735523,0.4404111616392649,0.4929029304029304,0.6304218657159834,0.4662328065031347,0.4646396649089345,0.5453166203084926,0.5674757440135899,0.564719587285738,0.5244352236053481,0.45649200786392
0.5105879569383651,0.481762346452745,0.4391195543955009,0.4901556776556777,0.6355714002772826,0.4663758373262772,0.4688657017839112,0.5508434779467544,0.5721145993270393,0.5694125478448993,0.5285846011987091,0.4621762543807163
0.5113569147048385,0.4819712542826105,0.4390388289427656,0.4897632129774987,0.636099557668185,0.4664473527378484,0.4711096151688545,0.5529386265939386,0.5743360229982686,0.5712764187052753,0.5301653164723705,0.4639285409009317
0.5057376079498402,0.4812818584440544,0.4407071549659607,0.4918563579277865,0.6309500231068857,0.4667810913251806,0.466995773963125,0.5486399595419572,0.5708078795204339,0.5673822599434182,0.5273661331752618,0.4585434652534405
0.4979297290902638,0.4797568312860366,0.4422947555364206,0.4951923076923077,0.6246121344160559,0.4666142220315145,0.4666591869553836,0.5474840154607521,0.5711345594720852,0.5665168913296722,0.5245340183099519,0.452474570476109
0.49656926534958,0.4798195036349962,0.4429943761267928,0.4955193615907902,0.6230276622433485,0.4669717990893705,0.4790755076854033,0.5609218654047611,0.5829930417170298,0.5746380429355965,0.5255878284923928,0.4470894948286179
0.5005323553767893,0.483329155176736,0.4457121330355461,0.4916928309785452,0.6219053277876807,0.4701899926100741,0.4897714948202999,0.5723368132066612,0.5924014243245892,0.5848227658512232,0.532371731541856,0.4511069322164288
0.5126582278481013,0.4939834544998746,0.4538923122460512,0.4799843014128729,0.6186043440945401,0.4798922501132327,0.4726803545383148,0.552360654553336,0.5860638332625527,0.5965718089532367,0.5553908977145492,0.4776904008889648
0.5079261800544186,0.5025904570903317,0.4671581949788768,0.4745552066980639,0.5997227173697761,0.4906672387899592,0.4313923482553574,0.502329949788679,0.5613994969128745,0.6000332834082209,0.5813080418889548,0.5100008547739123
0.5233053353838873,0.5107587532380713,0.4706562979307376,0.4639259549973836,0.6040139961708588,0.4968652411261293,0.3948539586371967,0.4589098002384135,0.5357877887034073,0.5976701614245299,0.6030428769017981,0.5465851782203608
0.5509286643795103,0.5100484666165288,0.4572020558081964,0.456828885400314,0.6359014986465966,0.4905003694962931,0.3759676876472568,0.4427988296066177,0.5051125412433439,0.5755034115493426,0.6008035302641112,0.5726557825455167
0.5912102212232343,0.5123255619620624,0.4418104028200092,0.4439429618001047,0.6772298144847164,0.4849936828053112,0.3758180934215939,0.4494093848210093,0.4838456763908399,0.546347145947745,0.5777185009550154,0.5838533207966493
0.6018573287590204,0.5217055235230216,0.4490487850819363,0.4336407639979068,0.6743249488347527,0.4935516937233307,0.3611204607502151,0.4350323303110212,0.4464734899219236,0.5073389915127309,0.5386616610683,0.5774425164543978
0.6049331598249142,0.5449987465530208,0.477652503834459,0.4145408163265306,0.640985013534033,0.5195117881236739,0.312090953289203,0.3786078098471986,0.3908072261605306,0.4815110667332334,0.5294408219719423,0.5962902812206171
0.6158168697503844,0.572574580095262,0.5082205419368727,0.3899790685504971,0.6094936291014721,0.5487854299268159,0.2354239126369722,0.286854748401546,0.3119793538270556,0.4476951239806955,0.5230520977408945,0.6277032224976494
0.5838755471430261,0.5625261134787332,0.5098081425073325,0.4066588173731031,0.5897537466164917,0.5437555126463086,0.2063652343019559,0.2298161326445833,0.194995263140701,0.3313696122482942,0.4224461568859909,0.5804769638430636
0.4930793801017391,0.5132865379794435,0.4876624599736296,0.4703035060177917,0.5662507427213309,0.505852344513576,0.2833314634055126,0.2846512299967489,0.1402763712390971,0.2178066233982359,0.2961206612658895,0.4720061543721686
0.4247012894830237,0.4811147321801621,0.4773565105077631,0.5143903715332286,0.540701128936423,0.4829197358697466,0.3751823179625267,0.3764404146949391,0.1933945313776094,0.2287568647029456,0.2826187183033656,0.4166595435507308
0.3643085295161481,0.4612058159939834,0.4791862874364287,0.5466705913134485,0.5047864263550538,0.4723831318982574,0.4597404540184749,0.4635335765632337,0.2788213387344419,0.2935596605092361,0.3160113284594612,0.3762287374989315
0.3384597184431563,0.4396047463858945,0.4630950138578694,0.5707417582417583,0.5100680002640786,0.4529309399508927,0.5391001907326378,0.546761550409999,0.3492535363104767,0.3443168580462639,0.3407758677468221,0.3442174544832892
0.3456169407311014,0.4318751566808724,0.449936765062024,0.5747972265829409,0.5302700204660988,0.4426803976256883,0.5680840719548226,0.5832099122204963,0.3865277187938976,0.3781328007988017,0.3651452282157676,0.3406701427472434
0.3707559446350408,0.4344865045541907,0.4418104028200092,0.5658032443746731,0.5542351620782993,0.4405826122196,0.5695426156550358,0.5940107647292563,0.4175949821959426,0.4123814278582126,0.3949153658697227,0.3539618770835114
0.4018100082810836,0.4383304086237152,0.432634609692436,0.5542255363683937,0.5828216808608965,0.4386993730482252,0.5663263398032836,0.5990680200845285,0.4493156055012904,0.4440006656681644,0.4222485674767832,0.3731942901102658
0.416361055246658,0.4379125929639843,0.4255038613674892,0.5504971219256933,0.5997227173697761,0.4353143102338553,0.5520400912524777,0.590651302243254,0.4666949789291431,0.4606756531868862,0.4369031153263518,0.3844773057526284
0.4358216017981782,0.4419236232974011,0.4218173990259129,0.5419937205651492,0.6151053013798111,0.4359579489379961,0.5384644152735705,0.5844019795542391,0.4803828689033354,0.474122150108171,0.4475729434235658,0.391358235746645
0.4558145037264877,0.4504888443218852,0.4237548098915588,0.5297619047619048,0.6238859180035651,0.4417030203342154,0.5335278058266951,0.5887367698587581,0.5035118094802522,0.4960559161258113,0.466442732002898,0.4067869048636636
0.4762214598367443,0.4626890615860282,0.4301590291418884,0.5145538984824699,0.627384960718294,0.4515244701899926,0.5345749654063354,0.5974063504677961,0.5308549214334717,0.5220835413546346,0.4896265560165975,0.4272160013676382
0.4916597657636342,0.471818333751149,0.434921830853268,0.50317242281528,0.630157787020532,0.4588190421702544,0.5282546093720782,0.5980204457609364,0.5494103426872693,0.5401897154268597,0.5052031877758019,0.4417471578767416
0.494617295634686,0.478169131779059,0.441756585851519,0.497350863422292,0.6234237802865253,0.4654699754463754,0.5054414899584877,0.5802116822598707,0.5564666296429388,0.5495090697287401,0.5133372851215176,0.447687836567228
0.4958003075831066,0.4853346703434444,0.4504480262626806,0.4914311878597593,0.6134548095332408,0.4734081861307779,0.4767941957440443,0.5559368565545643,0.5602887850772598,0.5562656015976035,0.5209444773760126,0.4537994700401743
0.5072163728853661,0.4916019052394084,0.4533541425611496,0.4833856619570906,0.6162276358354788,0.478271234117619,0.465387636037249,0.5467254271574613,0.5659076802456634,0.563354967548677,0.5283540802213001,0.4612787417728011
0.5075712764698923,0.4926464443887356,0.4545112073836881,0.4824699110413397,0.6149732620320856,0.4793916422322343,0.4663973970604735,0.5483148502691182,0.5725719512593512,0.5703777666833083,0.5346769413159455,0.4684588426361228
0.5094049449899445,0.4939834544998746,0.4554260958480209,0.4809000523286238,0.6149072423582227,0.4805597272878972,0.4662478028348106,0.5491095618249467,0.5758387507758649,0.5740389415876185,0.5372126720674438,0.4717924608940935
0.510469655743523,0.4947773042533634,0.4559373570486774,0.4799843014128729,0.6149072423582227,0.4812272044625617,0.4614233890571824,0.5441967994798251,0.5730946391819934,0.5726077550341154,0.5355331620891788,0.4693136165484229
0.5091683426002603,0.4942759254616863,0.4558566315959422,0.4807365253793825,0.6142470456195946,0.4809173043457532,0.4562623882718127,0.5386699418415635,0.5695338277089935,0.5699450823764353,0.5325693209510637,0.4663646465509873
0.5099964509641548,0.494839976602323,0.4562064418911282,0.4800497121925693,0.6143130652934573,0.4813940737562278,0.4553274243614196,0.538597695336488,0.5711018914769201,0.5720086536861374,0.5338207205427123,0.4677750235062826
0.5159115107062582,0.4979527032673184,0.4575518661033824,0.4759942438513868,0.6158975374661648,0.4837779208086009,0.4591046785594076,0.5436910739442979,0.5764267746888374,0.5778332501248128,0.5398471975235462,0.4741858278485341
0.5220631728380457,0.4994150580763767,0.4566369776390496,0.4731488749345892,0.6204528949626988,0.484207013278028,0.4599274468005535,0.5452804970559549,0.5790075463068831,0.5801630887002828,0.5433708753210829,0.4773912300196598
0.5152608541346267,0.4973677613436951,0.4571213303554611,0.4766483516483517,0.6160955964877534,0.4832534744570789,0.4559258012640712,0.5398258859227685,0.5755447388193787,0.5763687801630887,0.5404399657511691,0.4736729635011539
0.5114752158996806,0.4962605498454082,0.4573635067136668,0.47854526425955,0.6136528685548293,0.4827290281055567,0.4509517932607801,0.5346241375573457,0.5719512593512136,0.5734065568314195,0.5371468089310413,0.4701683904607232
0.512066721873891,0.497973594050305,0.4593009175793127,0.4770408163265306,0.6116722783389449,0.4845407518653603,0.4510265903736116,0.5344435212946574,0.5723106072980302,0.5746047595273757,0.5388263189093065,0.4718779382853236
0.5177451792263101,0.499811982953121,0.4591125581895972,0.4740319204604919,0.6150392817059483,0.4855181291568333,0.4538314821047908,0.5388866813567894,0.5766227826598281,0.5789981694125479,0.543864848844102,0.4770920591503547
0.5188098899798889,0.4998328737361076,0.4586282054731856,0.4737375719518577,0.6162276358354788,0.4853035829221197,0.4546916489023524,0.5403316114582958,0.5777008265002778,0.5803627891496089,0.5454455641177633,0.4788870843661851
0.5117709688867857,0.4982451742291301,0.4598121787799694,0.4769099947671377,0.6108140225787284,0.4849460058642637,0.44990463368114,0.5353104793555612,0.5731599751723238,0.5761357963055416,0.5421524072976356,0.4768356269766647
0.513959540991364,0.4989554608506726,0.4597583618114791,0.4757326007326007,0.6121344160559846,0.4853035829221197,0.4460151838139048,0.5314814145865694,0.5695991636993238,0.5725744716258945,0.5388592504775078,0.473715702196769
0.519164793564415,0.5001253446979192,0.4588434733471463,0.4733778126635269,0.6161616161616161,0.4855896445684045,0.446127379483152,0.532059386627172,0.5696644996896542,0.5733067066067565,0.539484950273332,0.4744422600222241
0.5230687329942032,0.5021935322135873,0.4597583618114791,0.4706959706959707,0.617217930943421,0.4871629836229707,0.4502786192452971,0.5363219304266157,0.574172683022443,0.5780329505741387,0.5444905486399262,0.4809812804513206
0.5216491186560984,0.5022144229965739,0.4604310739176062,0.4710884353741497,0.6155674390968507,0.4874728837397793,0.4517371629455103,0.537550121012896,0.5750547188919016,0.5790980196372109,0.5468616215504182,0.4849559791435165
0.5156749083165739,0.5010863207153005,0.4616957726771251,0.4736067503924647,0.6106819832310028,0.487401368328208,0.4459029881446577,0.531734277354333,0.570121851621966,0.5742386420369445,0.5431074227754725,0.4797418582784853
0.5141961433810481,0.5011907746302331,0.4625030272044776,0.4739338042909471,0.6088994520367068,0.4878066223271115,0.4397696248924791,0.5253765849077051,0.5647969684100488,0.5701447828257613,0.539254429295923,0.4753825113257544
0.5236010883709925,0.5046795353889864,0.4627182950784383,0.4686028257456829,0.6138509275764177,0.4899044077331998,0.4404054003515464,0.5269660080193621,0.5659403482408284,0.5718422366450323,0.5415267075018112,0.4799128130609454
0.5219448716432036,0.5050555694827442,0.4639829938379571,0.4687663526949241,0.6114081996434937,0.4906672387899592,0.441676951269681,0.5283025683632555,0.5667570481199569,0.5736395406889665,0.543864848844102,0.4826908282759211
0.5240742931503609,0.5073535556112643,0.4659473131878481,0.4663788592360021,0.6101538258401004,0.4928603780781425,0.44369647331613,0.5289527869089333,0.5666917121296267,0.5746047595273757,0.5457748797997761,0.4847850243610564
0.5140186915887851,0.5052853680955962,0.467857815569249,0.4707940868655155,0.602231464976563,0.4925028010202865,0.4375257115075359,0.5219087526640899,0.5611708209467186,0.5690131469462473,0.5406704867285781,0.4808103256688606
0.5071572222879451,0.5043870644271747,0.4698221349191401,0.4733778126635269,0.5959595959595959,0.4928603780781425,0.4305695800142115,0.5146479789040206,0.555551925778315,0.562822433017141,0.5361917934532042,0.4770920591503547
0.5117709688867857,0.5072073201303584,0.4713559185211097,0.4698783359497646,0.5966858123720868,0.4951488712484207,0.4305695800142115,0.5136365278329661,0.5539838620103885,0.5626892993842569,0.5369821510900349,0.4791862552354902
0.5164438660830475,0.5101529205314616,0.4730242445443048,0.4662807430664574,0.5972799894368521,0.4975803952418413,0.4324769063914133,0.5151175811870101,0.5541472019862141,0.564486603428191,0.5391227030231179,0.4836310795794512
0.5189873417721519,0.5122628896131027,0.4745849366305196,0.4639259549973836,0.5967518320459497,0.4994874728837397,0.4318037323759303,0.5137087743380414,0.5523831302472968,0.5637876518555499,0.5393861555687283,0.4864090947944268
0.510469655743523,0.5105289546252194,0.4762263541694697,0.4676543694400837,0.5900178253119428,0.4992252497079787,0.4251467893339318,0.5064841238305098,0.5449674953448108,0.5564985854551505,0.5345452150431403,0.4807248482776306
0.5011238613509996,0.510591626974179,0.4805586201329279,0.470205389848247,0.5794546774938931,0.5011800042909247,0.4161337372377427,0.4973088176859444,0.5353631047662605,0.5487768347478781,0.5273990647434631,0.4734165313274639
0.5023660238968414,0.5137670259881341,0.4840836315690338,0.4673600209314495,0.5758235954314385,0.5045412286347708,0.4133662440629791,0.4934075064118773,0.5308549214334717,0.54751206523548,0.5262135282882171,0.4743567826309941
0.5070389210931031,0.5172975683128603,0.4865053951510912,0.4633045525902669,0.5754934970621244,0.5076163913323322,0.413254048393732,0.4932630134017267,0.5287315017477378,0.5474454984190381,0.5285846011987091,0.4805111547995555
0.5073938246776293,0.5193657558285285,0.4890347926701289,0.4616038723181581,0.5725226117382979,0.5099287229731341,0.4118329032499346,0.4909150019867789,0.52448466237627,0.545448493925778,0.5274319963116645,0.4827763056671511
0.4986986868567373,0.5195537728754074,0.4932325162123618,0.4638278388278388,0.5625536409850135,0.51188347755608,0.404502786192453,0.4806559982660839,0.5141289079089217,0.5370943584623065,0.5202529144437857,0.478288742627575
0.4875192239441618,0.5185719060750397,0.4970266124909184,0.4677197802197803,0.5516603947976496,0.5130038856706954,0.3946295672987023,0.4683379691507424,0.5007350298912157,0.5265102346480279,0.5113943225976422,0.4719206769809385
0.4906542056074766,0.5218099774379543,0.4997443693996717,0.4643184196755626,0.5500759226249421,0.5160790483682567,0.388608399715771,0.4618719069465015,0.4921433471627846,0.5206190713929106,0.507574260686294,0.4711513804598684
0.4938483378682125,0.5260299156012368,0.5037806420364341,0.4601321297749869,0.5469069782795273,0.5202507807099096,0.3875612401361308,0.459704511794242,0.4882558557381334,0.5197537027791646,0.5085622077323322,0.4761518078468245
0.4930793801017391,0.5285785911255954,0.5073863789252752,0.4583333333333333,0.5420215224136793,0.523325943407471,0.38389618160739,0.453671928620453,0.4799581849661886,0.5141620901980363,0.5049397352301916,0.4760663304555945
0.4777002247722701,0.527534051976268,0.5130371606167425,0.4634026687598117,0.5265068990559186,0.5252330210493695,0.3735741800366506,0.4401618321713687,0.4650615791708863,0.5021467798302546,0.4947638806559968,0.469441832635268
0.4706613036791671,0.5271789086654968,0.5157818260097409,0.4656266352694925,0.5192447349310093,0.5262342368113662,0.3623920116683496,0.4264349962070585,0.4498382934239326,0.4888999833582959,0.484357505104393,0.4617488674245662
0.4681178279900627,0.5297693657558286,0.5202755428786696,0.4642857142857143,0.5123126691754142,0.529714653507831,0.3574180036650585,0.4188852364266879,0.440397242821208,0.4808453985688134,0.4788250016465784,0.460894093512266
0.4688276351591151,0.5326522938079719,0.5236929203777951,0.4618328100470958,0.508549547765234,0.5328613316169635,0.3560716556340925,0.4155257739406856,0.433438959851034,0.4767848227658511,0.4768161759863005,0.465210701769382
0.4665799124571158,0.5340101947020974,0.5264375857707936,0.4614076399790686,0.5039281705948372,0.5348399246704332,0.3512846404128801,0.4090958349889824,0.4238345692724838,0.4689299384256947,0.4726667983929395,0.4646550987263869
